Site ID	Pt	Bp	Ab	Ll	Pb	Pc	Pm	Pg
1	0	0	0	0.091445086	0	0	0.908554914	0
2	0.827951376	0	0	0	0	0	0	0.172048624
3	0	0	0	0	0	0	1	0
4	0.858566556	0	0	0	0	0	0.033505664	0.10792778
5	0.730213127	0	0	0	0	0	0	0.269786873
6	0	0	0	0	0	0	0	1
7	0.430685434	0	0	0	0	0	0	0.569314566
8	0	0	0	0	0	0	1	0
9	0.096706813	0	0	0	0	0	0	0.903293187
10	0	0	0	0	0	0	1	0
11	0.211720689	0	0	0	0	0	0.626461659	0.161817652
12	0.154356103	0	0	0	0	0	0.592911149	0.252732747
13	0	0	0	0	0	0	1	0
14	0.358623825	0	0	0	0	0	0.066772513	0.574603662
15	0	0	0	0	0.132921586	0	0.235433256	0.631645158
16	0	0	0	0	0	0	0	1
17	0	0	0	0.236151998	0	0	0	0.763848002
18	0	0	0	0	0	0	0.062348628	0.937651372
19	0	0	0	0	0	0	1	0
20	0	0	0	0	0	0	1	0
21	0.227991991	0	0	0	0	0	0	0.772008009
22	0	0	0	0.466991596	0	0	0.533008404	0
23	0	0	0	0	0	0	0.235360813	0.764639187
24	0.588058038	0	0	0	0	0	0	0.411941962
25	0.32355647	0	0	0	0.29545986	0	0	0.380983669
26	0.292494872	0	0	0	0	0	0	0.707505128
27	0	0	0	0	0	0	1	0
28	0	0.315212105	0	0	0	0	0.684787895	0
29	0	0	0	0	0	0	1	0
30	0.788594121	0	0	0	0	0	0	0.211405879
31	0.026808928	0	0	0	0.10241675	0.275303868	0.595470454	0
32	0	0	0	0	0	0	1	0
33	0.164237595	0	0	0	0	0	0.573067497	0.262694908
34	0.557266993	0	0	0	0	0	0	0.442733007
35	0	0	0	0	0.575458252	0	0	0.424541748
36	0.867757894	0	0	0	0	0	0	0.132242106
37	0.106986797	0	0	0	0	0	0.893013203	0
38	0	0	0	0	0	0	1	0
39	0.427265965	0	0	0	0	0	0	0.572734035
40	0.632885933	0	0	0	0	0	0	0.367114067
41	0.352687381	0	0	0	0	0	0.055728121	0.591584498
42	0	0	0	0	0	0	1	0
43	0.98812375	0	0	0	0	0	0	0.01187625
44	0.874584761	0	0	0	0.06418262	0	0	0.061232619
45	0	0	0	0	0	0	1	0
46	0	0	0	0	0	0	0.777076101	0.222923899
47	0.473169734	0	0	0	0.074087842	0	0	0.452742424
48	0.660416404	0	0	0	0	0	0	0.339583596
49	0.653620453	0	0	0	0	0	0	0.346379547
50	0.581705655	0	0	0	0.130578124	0	0	0.28771622
51	0.795626778	0	0	0	0	0	0	0.204373222
52	0.980217345	0	0	0	0	0	0	0.019782655
53	0	0	0	0	0	0	0.109482707	0.890517293
54	0.684742555	0	0	0	0	0	0	0.315257445
55	0	0	0	0	0	0	1	0
56	0	0	0	0	0	0	1	0
57	0.8296283	0	0	0	0	0	0	0.1703717
58	0	0	0	0	0	0	0.38533522	0.61466478
59	0.874521048	0	0	0	0.09592903	0	0	0.029549922
60	1	0	0	0	0	0	0	0
61	0.134034737	0	0	0	0	0.333038518	0.279478328	0.253448418
62	0.768909847	0	0	0	0	0	0	0.231090153
63	0	0	0	0	0	0	0.330852303	0.669147697
64	0	0	0	0	0	0	1	0
65	0	0	0	0	0	0	1	0
66	0	0	0	0	0	0	1	0
67	0.453660994	0	0	0	0	0	0	0.546339006
68	0	0	0	0	0	0	1	0
69	0.394249704	0	0	0	0	0	0	0.605750296
70	0.553454257	0	0	0	0	0	0	0.446545743
71	0	0	0	0	0	0	1	0
72	0.287170412	0	0	0	0	0	0	0.712829588
73	0	0	0	0	0	0	0.992106676	0.007893324
74	0	0	0	0	0	0	1	0
75	0.120085703	0	0	0.093942894	0	0	0.785971403	0
76	0.408112596	0	0	0	0	0	0	0.591887404
77	0	0	0	0	0	0	1	0
80	0	0	0	0	0.02151534	0	0.010501294	0.967983366
81	0	0	0	0	0	0	1	0
82	0	0	0	0.124466089	0	0	0.875533911	0
83	0	0	0	0	0.208674098	0	0.791325902	0
84	0.056584528	0	0	0	0	0	0.943415472	0
85	0.098811711	0	0	0	0.436113013	0	0	0.465075276
86	0.049631008	0	0	0	0	0	0	0.950368992
87	0.163936059	0	0	0	0	0	0	0.836063941
88	0	0	0	0	0	0	0.811669066	0.188330934
89	0.435034029	0	0	0	0	0	0	0.564965971
90	0	0	0	0	0	0	1	0
91	0.463190634	0	0	0	0	0	0	0.536809366
92	0	0	0	0.086553418	0	0	0	0.913446582
93	0	0	0	0.072240361	0	0	0.927759639	0
94	0	0	0	0	0.131585537	0	0.868414463	0
95	0	0	0	0	0	0	0.30529405	0.69470595
96	0.327410088	0	0	0	0	0	0	0.672589912
97	0.066654312	0	0	0	0	0.032419965	0	0.900925723
98	0.174518826	0	0	0	0	0	0	0.825481174
100	0	0	0	0	0	0	0.787445307	0.212554693
101	0.034729247	0	0	0	0	0	0	0.965270753
102	0	0	0	0	0	0	1	0
103	0.3691706	0	0	0	0.065734815	0	0.119275593	0.445818992
104	0	0	0	0	0.11176592	0	0	0.88823408
105	0	0	0	0	0.10663608	0	0.89336392	0
106	0	0	0	0	0	0	1	0
107	0.085577504	0	0	0	0.028100892	0.155983408	0	0.730338195
108	0.051399395	0	0	0	0	0	0	0.948600605
109	0	0	0	0	0	0	0	1
110	0	0	0	0	0	0	0	1
111	0	0	0	0.852658003	0	0	0.084235785	0.063106212
112	0	0	0	0	0	0	0	1
113	0.061939329	0.051505721	0.108790795	0	0	0	0	0.777764155
114	0	0.027077644	0.061917804	0	0	0	0	0.911004552
115	0	0.040499089	0.015380904	0	0	0	0	0.944120007
117	0	0	0	0	0	0	1	0
118	0.057675496	0	0	0	0	0	0.11652404	0.825800463
119	0.12591087	0	0	0	0	0	0	0.87408913
120	0.130780288	0	0	0	0	0.227382679	0.367002125	0.274834908
121	0	0	0	0.127935193	0	0	0.670517426	0.201547381
122	0	0	0	0	0.078673308	0	0	0.921326692
123	0	0	0	0	0	0	1	0
124	0	0	0.064635395	0.280858235	0.075229452	0	0.579276917	0
125	0	0	0.0177679	0	0.072537918	0	0	0.909694182
126	0.787526283	0	0.037852287	0	0	0	0	0.17462143
128	0	0	0	0	0.121394525	0	0	0.878605475
129	0.117366102	0	0	0	0.156146901	0	0	0.726486997
130	0	0	0	0.316381849	0	0	0.619115422	0.064502729
131	0	0	0	0	0	0	1	0
132	0	0	0	0	0.285656558	0	0.714343442	0
133	0	0	0	0.996959846	0	0	0	0.003040154
134	0	0	0	0	0	0	1	0
135	0.099771266	0	0.087892852	0	0	0	0	0.812335882
136	0	0	0.108452237	0	0	0	0.891547763	0
137	0.283926527	0	0	0	0	0.040375926	0	0.675697547
138	0	0	0.058899001	0	0	0	0.049619976	0.891481022
139	0	0	0.002360806	0	0.739298828	0	0	0.258340367
140	0	0	0.097617792	0	0.154749935	0	0	0.747632273
141	0	0	0	0.01799736	0.064077973	0	0.045039312	0.872885355
142	0	0	0	0	0.930263989	0	0	0.069736011
143	0.412347749	0	0	0	0.05859827	0	0	0.52905398
144	0.671623066	0	0	0	0	0	0	0.328376934
145	0	0	0	0.212955469	0	0	0	0.787044531
146	0.379047963	0	0	0	0	0.057639989	0	0.563312047
147	0	0.016914064	0.008651709	0	0	0.042051459	0	0.932382768
148	0	0	0.109755009	0	0	0	0.038937782	0.851307209
149	0.207116691	0	0	0	0	0.068349306	0.297904172	0.426629831
150	0.434197418	0	0	0	0.378245317	0	0	0.187557265
151	0.183909012	0	0.021578319	0	0	0	0	0.794512669
152	0	0	0	0	0	0	0.800990757	0.199009243
153	0.087031861	0	0	0	0.828634776	0	0	0.084333363
154	0	0	0	0	0.325585523	0	0	0.674414477
155	0	0	0	0	0	0	0	1
156	0	0	0	0	0.107832882	0	0	0.892167118
157	0	0	0	0.099023493	0	0	0.495945926	0.405030581
158	0	0	0.002088516	0	0.193592126	0	0	0.804319357
159	0.051700033	0.004019364	0	0	0.614112196	0.038196342	0	0.291972065
160	0	0.025615293	0.04335391	0	0.930332498	0	0	0.000698298
161	0.761536455	0	0.045121289	0	0	0	0	0.193342256
162	0	0	0	0	0.942911359	0	0	0.057088641
163	0	0	0	0	0.160371424	0	0	0.839628576
164	0	0	0	0	0.119660113	0	0	0.880339887
165	0.857958367	0	0.015684496	0	0	0	0	0.126357137
166	0.836159019	0	0.012091654	0	0	0	0	0.151749327
167	0	0	0	0	0.839151586	0	0	0.160848414
168	0	0	0	0	0	0.172077471	0.669240499	0.15868203
169	0.359080308	0	0	0	0.640919692	0	0	0
170	0.825346525	0	0	0	0	0	0	0.174653475
172	0.578586231	0	0	0	0.219047604	0	0	0.202366165
173	0	0	0	0	0	0	1	0
174	0	0.031286012	0	0	0.308386563	0	0	0.660327425
175	0.906645719	0	0.093354281	0	0	0	0	0
177	0	0.088453508	0	0	0.911546492	0	0	0
178	0	0	0	0	0.925755008	0	0	0.074244992
179	0	0	0	0	0.278641032	0	0.721358968	0
180	0.272962722	0	0	0	0	0.268143491	0	0.458893787
181	0.242407741	0	0	0	0	0	0	0.757592259
182	0.187921745	0	0	0	0	0	0	0.812078255
183	0.512548324	0	0	0	0.158385029	0	0	0.329066647
184	0	0	0	0.27109241	0	0	0.72890759	0
185	0.404510256	0	0	0	0.412192159	0	0	0.183297586
186	0.038108376	0	0	0	0.961891624	0	0	0
187	0.13316261	0	0	0	0.86683739	0	0	0
188	0	0.026380376	0	0	0.914900297	0.058719327	0	0
189	0	0	0	0	0.856434404	0.061508018	0	0.082057578
190	0.027062531	0	0	0	0.074836219	0.079978134	0	0.818123116
192	0	0	0	0.09149337	0	0	0.90850663	0
193	0	0	0	0	0	0	1	0
194	0.260307355	0	0	0	0	0	0.739692645	0
195	0.281485699	0	0	0	0.040917938	0.247421018	0.167108766	0.263066579
196	0	0	0	0	1	0	0	0
197	0.060374254	0	0	0	0.939625746	0	0	0
198	0.132813557	0	0	0	0.867186443	0	0	0
199	0.876954004	0	0	0	0	0	0	0.123045996
200	0	0	0	0	0.835071774	0	0	0.164928226
