Site ID	Agongrat	Agonplac	Agonretr	Agonsord	Agonsupe	Amarlitt	Amarluni	Badiobtu	Bembgrap	Bembrupi	Calaadve	Calaingr	Calofrig	Caracham	Dichcogn	Elapamer	Elaplapp	Harpfulv	Loripili	Miscarct	Nebrgyll	Notibore	Notidire	Patrfove	Patrsept	Platdece	Platmann	Pteradst	Pterbrev	Pterhaem	Pterpens	Pterpunc	Pterripa	Seriquad	Synuimpu	Trecapic	Trecchal
1	0	0	0	0	0	0	0	0	0	0	0	0	0	0	0	0	0	0	0	0	0	0	0	0.00420168067226891	0	0	0	0	0	0.00420168067226891	0	0.0126050420168067	0	0	0	0	0
2	0	0	0.018348623853211	0	0	0	0	0	0	0	0.0137614678899083	0.0321100917431193	0	0.0229357798165138	0	0	0	0	0	0	0	0	0	0.0137614678899083	0	0.018348623853211	0	0.0688073394495413	0.00458715596330275	0.036697247706422	0	0	0	0	0	0.00458715596330275	0
3	0	0	0	0	0	0	0	0	0	0	0.00378787878787879	0	0	0	0	0	0	0	0	0	0	0	0	0	0	0	0	0.00378787878787879	0	0.0113636363636364	0	0.0151515151515152	0	0	0	0	0
4	0	0	0.0253164556962025	0	0	0	0	0	0	0	0.0337552742616034	0.0379746835443038	0	0.00843881856540084	0	0	0	0	0	0	0	0	0	0	0	0.00421940928270042	0	0.0506329113924051	0.00421940928270042	0.0590717299578059	0	0.0126582278481013	0	0	0	0	0
5	0	0	0.019047619047619	0	0	0	0	0	0	0	0.0142857142857143	0.0142857142857143	0	0.00476190476190476	0	0	0	0	0	0	0	0	0	0.019047619047619	0	0.0142857142857143	0	0.0571428571428571	0.00476190476190476	0.0380952380952381	0	0	0	0	0	0	0.0238095238095238
6	0	0	0	0	0	0	0	0	0	0	0.0833333333333333	0.00378787878787879	0	0	0	0	0	0	0	0	0	0	0	0	0	0.00757575757575758	0	0.053030303030303	0.0189393939393939	0.117424242424242	0	0	0	0	0	0	0.0189393939393939
7	0	0	0.00757575757575758	0	0	0	0	0	0	0	0.0151515151515152	0.0340909090909091	0	0.00378787878787879	0	0	0	0	0	0	0	0	0	0.0113636363636364	0	0.0113636363636364	0	0.106060606060606	0	0.0984848484848485	0	0	0	0	0	0	0.0265151515151515
8	0	0	0	0	0	0	0	0	0	0	0	0	0	0	0	0	0	0	0	0.00378787878787879	0	0	0.00378787878787879	0	0	0	0	0	0	0	0	0.0303030303030303	0	0	0	0	0
9	0	0	0	0	0	0	0	0	0	0	0	0	0	0.0265151515151515	0	0	0	0	0	0	0	0	0	0.0113636363636364	0.00378787878787879	0.0189393939393939	0	0.0151515151515152	0.00378787878787879	0.0416666666666667	0	0.0189393939393939	0	0	0	0	0.00378787878787879
10	0	0	0	0	0	0	0	0	0	0	0	0	0	0	0	0	0	0	0	0	0	0	0	0	0	0	0	0	0	0.0795454545454545	0	0.0113636363636364	0	0	0	0	0
11	0	0	0	0	0	0	0	0	0	0	0.0378787878787879	0	0	0	0	0	0	0	0	0	0	0	0	0	0	0	0	0	0	0.109848484848485	0	0.00378787878787879	0	0	0	0	0
12	0	0	0	0	0	0	0	0	0	0	0.125	0.0227272727272727	0	0	0	0	0	0	0	0	0	0	0	0	0	0.0227272727272727	0	0.0303030303030303	0.00378787878787879	0.121212121212121	0	0.00378787878787879	0	0	0	0	0
13	0	0	0	0	0	0	0	0	0	0	0	0	0	0	0	0	0	0	0	0	0	0	0	0	0	0	0	0.00421940928270042	0	0.113924050632911	0	0.0126582278481013	0	0	0	0	0
14	0	0	0.00757575757575758	0	0	0	0	0	0	0	0.0151515151515152	0	0	0	0	0	0	0	0	0	0	0	0	0	0	0.0265151515151515	0	0.0416666666666667	0	0.147727272727273	0	0.0113636363636364	0	0	0	0	0
15	0	0	0.00378787878787879	0	0	0	0	0	0	0	0.0833333333333333	0.0151515151515152	0	0	0	0	0	0	0	0	0	0	0	0.00757575757575758	0	0.00757575757575758	0	0.0340909090909091	0.00378787878787879	0.0681818181818182	0	0.0113636363636364	0	0	0	0	0
16	0	0	0	0	0	0	0	0	0	0	0.204545454545455	0.0113636363636364	0	0	0	0	0	0	0	0	0	0	0	0	0	0	0	0.0113636363636364	0.00757575757575758	0.162878787878788	0	0.0113636363636364	0	0	0	0	0
17	0	0	0	0	0	0	0	0	0	0	0	0	0	0	0	0	0	0	0	0	0	0	0	0	0	0	0	0.00766283524904215	0	0	0	0.0114942528735632	0	0	0	0	0
18	0	0	0	0	0	0	0	0	0	0	0	0	0	0	0	0	0	0	0	0	0	0	0	0	0	0.00757575757575758	0.00757575757575758	0	0	0	0	0.0189393939393939	0	0	0	0	0
19	0	0	0	0	0	0	0	0	0	0	0	0	0	0	0	0	0	0	0	0	0	0	0	0	0	0	0	0	0	0	0	0.0651340996168582	0	0	0	0	0
20	0	0	0	0	0	0	0	0	0	0	0	0	0	0	0	0	0	0	0	0	0	0	0.00766283524904215	0	0	0	0	0	0	0	0	0.00383141762452107	0	0	0	0	0
21	0	0	0	0	0	0	0	0	0	0	0.0858369098712446	0.00858369098712446	0	0	0	0	0	0	0	0	0	0	0	0	0	0	0	0.00858369098712446	0	0.150214592274678	0	0.00429184549356223	0	0	0	0	0
22	0	0	0	0	0	0	0	0	0	0	0	0	0	0	0	0	0	0	0	0	0	0	0	0	0	0	0	0	0	0	0	0.0171673819742489	0	0	0	0	0
23	0.00383141762452107	0	0	0	0	0	0	0	0	0	0	0	0	0	0	0	0	0	0	0	0	0	0	0	0	0	0	0	0	0	0	0.0191570881226054	0	0	0	0.00383141762452107	0
24	0	0	0	0	0	0	0	0	0	0	0.048689138576779	0.00749063670411985	0	0.00749063670411985	0	0	0	0	0	0	0	0	0	0.00374531835205993	0	0.00374531835205993	0	0.0224719101123595	0	0.146067415730337	0	0.0112359550561798	0	0	0	0	0
25	0	0	0.0574712643678161	0	0	0	0	0	0	0	0.00766283524904215	0.0498084291187739	0	0.00383141762452107	0	0	0	0	0	0	0	0	0	0.0229885057471264	0	0.00383141762452107	0	0.0574712643678161	0.0114942528735632	0.0498084291187739	0	0.00383141762452107	0	0	0	0	0.00383141762452107
26	0	0	0	0	0	0	0	0	0	0	0.0275229357798165	0.0229357798165138	0	0	0	0	0	0	0	0	0	0	0	0.00458715596330275	0	0.0137614678899083	0	0.036697247706422	0.00917431192660551	0.137614678899083	0	0.00917431192660551	0	0	0	0	0
27	0	0	0	0	0	0	0	0	0	0	0	0	0	0	0	0	0	0	0	0	0	0	0.00757575757575758	0	0	0	0	0	0	0	0	0.0340909090909091	0	0	0	0	0
28	0.0114942528735632	0	0.00383141762452107	0.00383141762452107	0	0	0	0	0	0	0	0.00383141762452107	0	0	0	0	0	0	0	0	0	0	0	0	0	0.0114942528735632	0	0.0153256704980843	0	0.00766283524904215	0	0.0153256704980843	0	0	0	0	0
29	0	0	0	0	0	0	0	0	0	0	0.00383141762452107	0	0	0	0	0	0	0	0	0	0	0	0	0	0	0	0	0	0	0.0153256704980843	0	0.0229885057471264	0	0	0	0	0
30	0	0.00531914893617021	0.0106382978723404	0	0	0	0	0	0	0	0	0.00531914893617021	0	0	0	0	0	0	0	0	0	0	0	0.00531914893617021	0	0.0106382978723404	0	0.0319148936170213	0	0.0106382978723404	0.00531914893617021	0	0.00531914893617021	0	0	0	0
31	0	0	0	0	0	0	0	0	0	0	0.0344827586206897	0	0	0	0	0	0	0	0	0	0	0	0	0	0	0	0	0.00766283524904215	0.00383141762452107	0.0344827586206897	0	0.0114942528735632	0	0	0	0	0.00383141762452107
32	0.00749063670411985	0	0.00374531835205993	0	0	0	0	0	0	0	0	0	0	0	0	0	0	0	0	0	0	0	0	0	0	0	0	0	0.00374531835205993	0	0	0	0	0	0	0.00374531835205993	0
33	0	0	0	0	0	0	0	0	0	0	0.0224719101123595	0.00374531835205993	0	0	0	0	0	0	0	0	0	0	0	0	0	0	0	0	0.0299625468164794	0.048689138576779	0	0.00374531835205993	0	0	0	0	0
34	0	0	0.00403225806451613	0	0	0	0	0	0	0	0.032258064516129	0.0161290322580645	0	0.0120967741935484	0	0	0	0	0	0	0	0	0	0.0120967741935484	0	0.0161290322580645	0	0.0161290322580645	0.032258064516129	0.0645161290322581	0	0	0	0	0	0.00806451612903226	0
35	0	0	0.00757575757575758	0	0	0	0	0	0	0	0.00757575757575758	0.0227272727272727	0	0.0189393939393939	0	0	0	0	0	0	0	0	0	0.00378787878787879	0	0.0227272727272727	0	0.0833333333333333	0.00378787878787879	0.053030303030303	0	0	0	0	0	0	0
36	0	0	0.00628930817610063	0	0	0	0	0	0	0	0.0125786163522013	0	0	0.00628930817610063	0	0	0	0	0	0	0	0	0	0.00628930817610063	0	0.00628930817610063	0.00628930817610063	0.0251572327044025	0	0.0691823899371069	0	0.00628930817610063	0	0	0	0	0
37	0.00383141762452107	0	0	0	0	0	0	0	0	0	0.0459770114942529	0.00383141762452107	0	0	0	0	0	0	0	0	0	0	0	0	0	0	0.00383141762452107	0.00383141762452107	0.00383141762452107	0.0421455938697318	0	0.00383141762452107	0	0	0	0	0.00383141762452107
38	0	0	0	0	0	0	0	0	0	0	0	0	0	0	0	0	0	0	0	0	0	0	0	0	0	0	0	0	0	0.0114942528735632	0	0.0306513409961686	0	0	0	0	0
39	0	0	0.00383141762452107	0	0	0.00383141762452107	0	0	0	0	0.0153256704980843	0.0229885057471264	0	0.0153256704980843	0	0	0	0	0	0	0	0	0	0	0	0.00766283524904215	0	0.0344827586206897	0.00766283524904215	0.0574712643678161	0	0.0191570881226054	0	0	0	0	0
40	0	0	0	0	0	0	0	0	0	0	0.0306513409961686	0	0	0	0	0	0	0	0	0	0	0	0	0	0	0.00766283524904215	0	0.00383141762452107	0.0114942528735632	0.0421455938697318	0	0	0	0	0	0	0
41	0	0	0	0	0	0	0	0	0	0	0.112359550561798	0.0149812734082397	0	0.00374531835205993	0	0	0	0	0	0	0	0	0	0	0	0.0149812734082397	0	0.0337078651685393	0.00374531835205993	0.179775280898876	0	0	0	0	0	0	0
42	0	0	0	0	0	0	0	0	0.00374531835205993	0	0	0	0	0.00749063670411985	0	0	0	0	0	0	0	0	0	0	0	0	0	0	0	0.0374531835205993	0	0	0	0	0	0	0
43	0	0	0.00904977375565611	0	0	0	0	0	0	0	0	0	0.00452488687782805	0.0135746606334842	0	0	0	0	0	0	0	0	0	0.0180995475113122	0	0.0542986425339367	0	0.0135746606334842	0.00452488687782805	0.00452488687782805	0.00452488687782805	0	0	0	0	0	0
44	0	0	0.00452488687782805	0	0	0	0	0	0	0	0	0.0135746606334842	0	0.0226244343891403	0	0	0	0	0	0	0	0	0	0	0	0.0180995475113122	0	0.0452488687782805	0	0.085972850678733	0	0.00452488687782805	0	0	0	0	0
45	0	0	0	0	0	0	0	0	0	0	0	0	0	0	0	0	0	0	0	0	0	0	0	0	0	0	0	0	0	0.0227272727272727	0	0.0378787878787879	0	0	0	0	0
46	0	0	0	0	0	0	0	0	0	0	0	0	0	0	0	0.00427350427350427	0	0	0	0	0	0	0	0.00427350427350427	0	0.00854700854700855	0.00427350427350427	0	0	0	0	0	0	0	0	0	0
47	0	0	0.00383141762452107	0	0	0	0	0	0	0	0	0.0114942528735632	0	0.00383141762452107	0	0	0	0	0	0	0	0	0	0.00383141762452107	0	0.0114942528735632	0	0.0191570881226054	0	0.0804597701149425	0	0.0191570881226054	0	0	0	0	0.00383141762452107
48	0	0	0.00409836065573771	0	0	0	0	0	0	0	0	0.00819672131147541	0	0.00819672131147541	0	0	0	0	0	0	0	0	0	0	0	0.00819672131147541	0	0.0245901639344262	0.00409836065573771	0.0368852459016393	0	0.00819672131147541	0	0	0	0	0
49	0	0	0	0	0	0	0	0	0	0	0.176245210727969	0.0191570881226054	0	0	0	0	0	0	0	0	0	0	0	0	0	0.0114942528735632	0	0.0574712643678161	0.0229885057471264	0.145593869731801	0	0	0	0	0	0	0
50	0	0	0	0	0	0	0	0	0	0	0.0187265917602996	0.00749063670411985	0	0.00749063670411985	0	0	0	0	0	0	0	0	0	0	0	0	0	0.0149812734082397	0.0112359550561798	0.0786516853932584	0	0.00749063670411985	0	0	0	0	0.00374531835205993
51	0	0	0.00409836065573771	0	0	0	0	0	0	0	0.00409836065573771	0.0163934426229508	0	0.0163934426229508	0	0	0	0	0	0	0	0	0	0.0163934426229508	0	0.00819672131147541	0	0.0737704918032787	0	0.159836065573771	0	0.0163934426229508	0	0	0	0	0
52	0.00980392156862745	0	0	0.00490196078431373	0	0	0	0	0	0	0	0.00490196078431373	0	0	0	0	0	0	0	0	0	0	0	0	0	0.00490196078431373	0.00490196078431373	0	0	0	0	0	0	0	0	0	0.00490196078431373
53	0	0	0.00378787878787879	0	0	0	0	0	0	0	0	0.00757575757575758	0	0.00757575757575758	0	0	0	0	0	0	0	0	0	0.00757575757575758	0	0.00378787878787879	0	0.00378787878787879	0.0113636363636364	0.0757575757575758	0	0.00757575757575758	0	0	0	0	0
54	0	0	0.0208333333333333	0	0	0	0	0	0	0	0	0.0166666666666667	0	0	0	0	0	0	0	0	0	0	0	0.00416666666666667	0	0	0	0.00833333333333333	0.00416666666666667	0.0208333333333333	0	0.00416666666666667	0	0	0	0	0
55	0.00392156862745098	0	0	0	0	0	0	0	0	0	0	0	0	0	0	0	0	0	0	0	0	0	0	0	0	0	0	0	0	0.00784313725490196	0	0.00392156862745098	0	0	0	0	0
56	0	0	0	0	0	0	0	0	0	0	0.00392156862745098	0	0	0.00392156862745098	0	0	0	0	0	0	0	0	0	0	0	0	0	0	0	0.0588235294117647	0	0.00784313725490196	0	0	0	0	0
57	0	0	0.00392156862745098	0	0	0	0	0	0	0	0.0117647058823529	0.00784313725490196	0	0.0117647058823529	0	0	0	0	0	0	0	0	0	0.00784313725490196	0	0.0313725490196078	0	0.0117647058823529	0.00784313725490196	0.0352941176470588	0	0.0235294117647059	0	0	0	0	0
58	0.00716845878136201	0	0	0	0	0	0	0	0	0	0	0	0	0	0	0	0	0	0	0	0	0	0	0	0	0	0	0	0.010752688172043	0	0	0.014336917562724	0	0	0	0	0
59	0	0	0.0315789473684211	0	0	0	0	0	0	0	0.00701754385964912	0.0350877192982456	0	0	0	0	0	0	0	0	0	0	0	0	0	0.00701754385964912	0	0.0245614035087719	0	0	0	0	0	0	0	0	0
60	0	0	0.0385964912280702	0	0	0	0	0.00350877192982456	0	0	0	0.0280701754385965	0	0	0	0	0	0	0	0	0	0	0	0.0210526315789474	0	0.0175438596491228	0	0.00701754385964912	0.00350877192982456	0.00350877192982456	0.00701754385964912	0	0	0	0	0	0.0105263157894737
61	0	0	0	0	0	0	0	0	0	0	0	0.00343642611683849	0	0	0	0	0	0	0	0	0	0	0	0	0	0	0	0.00343642611683849	0.00687285223367698	0.0446735395189003	0	0.0171821305841924	0	0	0	0	0
62	0	0	0.0125523012552301	0	0	0	0	0	0	0	0	0.00418410041841004	0	0	0	0	0	0	0	0	0	0	0	0.00418410041841004	0	0.0125523012552301	0	0.00836820083682008	0	0.0251046025104603	0	0	0	0	0	0	0.00418410041841004
63	0.00383141762452107	0	0	0	0	0	0	0	0	0	0	0	0	0	0	0	0	0	0	0	0	0	0	0	0	0	0	0	0	0	0	0.00383141762452107	0	0	0	0	0
64	0	0	0	0	0	0	0	0	0	0	0	0	0	0	0	0	0	0	0	0	0	0.00392156862745098	0	0.00392156862745098	0	0	0	0	0	0.105882352941176	0	0.0156862745098039	0	0	0	0	0
65	0	0	0	0	0	0	0	0	0	0	0.117647058823529	0	0	0	0	0	0	0	0	0	0	0	0	0	0	0	0	0.00784313725490196	0	0.0823529411764706	0	0.0156862745098039	0	0	0	0	0
66	0	0	0.00392156862745098	0	0	0	0	0	0	0	0	0	0	0.00392156862745098	0	0	0	0	0	0	0	0	0	0	0	0	0.00392156862745098	0	0	0.0196078431372549	0	0.0117647058823529	0	0	0	0	0
67	0	0	0	0	0	0	0	0	0	0	0	0	0	0.0119047619047619	0	0	0	0	0	0	0	0.00396825396825397	0	0	0	0	0	0.00396825396825397	0	0.0793650793650794	0	0.0119047619047619	0	0	0	0	0.00396825396825397
68	0	0	0	0	0	0	0	0	0	0	0.00387596899224806	0	0	0	0	0	0	0	0	0	0	0	0	0	0	0	0	0	0.0155038759689922	0.062015503875969	0	0	0	0	0	0	0
69	0	0	0.0105263157894737	0	0	0	0	0	0	0	0.182456140350877	0.0245614035087719	0	0.0210526315789474	0	0	0	0	0	0	0	0	0	0	0	0.0105263157894737	0	0.0491228070175439	0.0280701754385965	0.0701754385964912	0	0.00350877192982456	0	0	0	0	0
70	0	0	0	0	0	0	0	0	0	0	0.00826446280991736	0	0	0	0	0	0	0	0	0	0	0	0	0	0	0.00413223140495868	0	0.0206611570247934	0.00826446280991736	0.0578512396694215	0	0.00826446280991736	0	0	0	0	0.00826446280991736
71	0.0167364016736402	0	0	0	0	0	0	0	0	0	0	0	0	0	0	0	0	0	0	0	0	0	0	0	0	0	0.0167364016736402	0	0	0	0	0.00418410041841004	0	0	0	0	0.00418410041841004
72	0	0	0.00383141762452107	0	0	0	0	0	0	0	0.053639846743295	0.0153256704980843	0	0	0	0	0	0	0	0	0	0	0	0	0	0.0306513409961686	0	0.0996168582375479	0	0.0957854406130268	0	0.00766283524904215	0	0	0	0	0
73	0	0	0	0	0	0	0	0	0	0	0.0431372549019608	0	0	0	0	0	0	0	0	0	0	0	0	0	0	0	0	0	0.00392156862745098	0.152941176470588	0	0.00784313725490196	0	0	0	0	0
74	0	0	0	0	0	0	0	0	0	0	0	0	0	0	0	0	0	0	0	0	0	0	0	0	0	0	0	0	0	0.0352941176470588	0	0.0156862745098039	0	0	0	0	0
75	0	0	0	0	0	0	0	0	0	0	0.101960784313725	0.00392156862745098	0	0	0	0	0	0	0	0	0	0	0	0	0	0	0	0.0196078431372549	0	0.180392156862745	0	0.0117647058823529	0	0	0	0	0
76	0	0	0.00392156862745098	0	0	0	0	0	0	0	0.0745098039215686	0.00392156862745098	0	0	0	0	0	0	0	0	0	0	0	0	0	0.00392156862745098	0	0.0274509803921569	0.00392156862745098	0.0588235294117647	0	0.00392156862745098	0	0	0	0	0
77	0	0	0	0	0	0	0	0	0	0	0	0	0	0	0	0	0	0	0	0	0	0	0	0	0	0	0	0.00383141762452107	0	0.0114942528735632	0	0.0459770114942529	0	0	0	0	0
78	0	0	0	0	0	0	0	0	0	0	0.00757575757575758	0	0	0.0265151515151515	0	0	0	0	0	0	0	0	0	0	0	0	0	0.00757575757575758	0	0.0795454545454545	0	0.00378787878787879	0	0	0	0	0
79	0	0	0	0	0	0	0	0	0	0	0	0	0	0	0	0	0	0	0	0	0	0	0	0	0	0	0	0	0	0.0189393939393939	0	0.0227272727272727	0	0	0	0	0
80	0	0	0	0	0	0	0	0	0	0	0	0	0	0	0	0	0	0	0	0	0	0	0	0	0	0	0	0	0	0	0	0.0171673819742489	0	0	0	0	0
81	0	0	0	0	0	0	0	0	0	0	0.149019607843137	0	0	0	0	0	0	0	0	0	0	0	0	0	0	0	0	0	0	0.0901960784313725	0	0.0117647058823529	0	0	0	0	0
82	0	0	0	0	0	0	0	0	0	0	0.0549019607843137	0	0	0	0	0	0	0	0	0	0	0	0	0	0	0	0	0.00392156862745098	0.00784313725490196	0.125490196078431	0	0.00392156862745098	0	0	0	0	0
83	0	0	0.00862068965517241	0	0	0	0	0	0	0	0.0129310344827586	0.0301724137931034	0	0.0129310344827586	0	0	0	0	0	0	0	0	0	0.00431034482758621	0	0.00431034482758621	0	0.0431034482758621	0.00431034482758621	0.0948275862068965	0	0	0	0	0	0	0.00862068965517241
84	0	0	0	0	0	0	0	0	0	0	0.490421455938697	0.0383141762452107	0	0.00383141762452107	0	0	0	0	0	0	0	0	0	0	0.00383141762452107	0	0.00383141762452107	0.0114942528735632	0.00383141762452107	0.218390804597701	0	0	0	0	0	0	0
85	0	0	0	0	0	0	0	0	0	0	0.104166666666667	0.00347222222222222	0	0.0104166666666667	0	0	0	0	0	0	0	0	0	0	0	0	0	0.0173611111111111	0	0.197916666666667	0	0.0104166666666667	0	0	0	0	0
86	0	0	0	0	0	0	0	0	0	0	0.0310077519379845	0	0	0.00387596899224806	0	0	0	0	0	0	0	0	0	0	0	0	0	0.00775193798449612	0	0.0968992248062016	0	0.0155038759689922	0	0	0	0	0
87	0	0	0	0	0	0	0	0	0	0	0.146788990825688	0.00917431192660551	0	0.00458715596330275	0	0	0	0	0	0	0	0	0	0	0	0.00458715596330275	0	0.0412844036697248	0	0.215596330275229	0	0	0	0	0	0	0.00458715596330275
88	0	0	0	0	0	0	0	0	0	0	0	0	0	0.00790513833992095	0	0	0	0	0	0	0	0	0	0	0	0	0	0	0	0.0395256916996047	0	0.0513833992094862	0	0	0	0	0
89	0	0	0.0268199233716475	0	0	0	0	0	0	0.00383141762452107	0	0.00766283524904215	0	0	0	0	0	0	0	0	0	0	0	0	0	0.0114942528735632	0	0.00766283524904215	0	0.0153256704980843	0	0.00383141762452107	0	0	0	0	0.00383141762452107
90	0	0	0	0	0	0	0	0	0	0	0.0268199233716475	0.00766283524904215	0	0.00766283524904215	0	0	0	0	0	0	0	0	0	0	0	0.00766283524904215	0	0.0153256704980843	0.00383141762452107	0.0459770114942529	0	0.0153256704980843	0	0	0	0.00383141762452107	0.00383141762452107
91	0	0	0.00383141762452107	0	0	0	0	0	0	0	0	0	0	0	0	0	0	0	0	0	0	0	0	0.00766283524904215	0	0.0153256704980843	0.00383141762452107	0.0114942528735632	0	0.00383141762452107	0	0.0229885057471264	0	0	0	0.00383141762452107	0.0114942528735632
92	0	0	0	0	0	0	0	0	0	0	0.160919540229885	0	0	0	0	0	0	0	0	0	0	0	0	0	0	0	0	0	0	0.21455938697318	0	0.00383141762452107	0	0	0	0	0
93	0.00423728813559322	0	0	0	0	0	0	0	0	0	0	0	0	0	0	0	0	0	0	0	0	0	0	0	0	0	0	0	0	0.0127118644067797	0	0.0169491525423729	0	0	0	0	0.00423728813559322
94	0	0	0.00383141762452107	0	0	0	0	0	0	0	0.310344827586207	0.0191570881226054	0	0.0383141762452107	0	0	0	0	0	0	0	0	0	0	0	0	0	0.0459770114942529	0	0.245210727969349	0	0	0	0	0	0	0
95	0	0	0	0	0	0	0	0	0	0	0.0727969348659004	0	0	0.00383141762452107	0	0	0	0	0	0	0	0	0	0	0	0.00383141762452107	0	0.0459770114942529	0.00383141762452107	0.118773946360153	0	0.00383141762452107	0	0	0	0	0
96	0	0	0	0	0	0	0	0	0	0	0.0602409638554217	0	0	0	0	0	0	0	0	0	0	0	0	0	0	0.00803212851405622	0	0.072289156626506	0	0.0481927710843374	0	0	0	0	0	0	0
97	0.0138888888888889	0	0	0	0	0	0	0	0	0	0	0	0	0	0	0	0	0	0	0	0	0	0	0	0	0	0.00347222222222222	0	0	0	0	0.0173611111111111	0	0	0	0	0
98	0	0	0	0	0	0	0	0	0	0	0.0381944444444444	0.0138888888888889	0	0	0	0	0	0	0	0	0	0	0	0	0	0.00347222222222222	0	0.0381944444444444	0.00347222222222222	0.142361111111111	0	0.00347222222222222	0	0	0	0	0
99	0	0	0	0	0	0	0	0	0	0	0	0.0180995475113122	0	0	0	0	0	0	0.00452488687782805	0	0	0	0	0.0135746606334842	0	0	0	0	0	0.0226244343891403	0	0	0	0	0	0	0.00452488687782805
100	0	0	0	0	0	0	0	0	0	0	0.333333333333333	0.00766283524904215	0	0	0	0	0	0	0	0	0	0	0	0.00383141762452107	0	0.00766283524904215	0	0.0651340996168582	0.0191570881226054	0.153256704980843	0	0.00383141762452107	0	0	0	0	0.00383141762452107
101	0	0	0	0	0	0	0	0	0	0	0.264367816091954	0.0153256704980843	0	0	0	0	0	0	0	0	0	0	0	0	0	0	0	0.0114942528735632	0	0.0727969348659004	0	0	0	0	0	0	0
102	0	0	0	0	0	0	0	0	0	0	0.0498084291187739	0	0	0	0	0	0	0	0	0	0	0	0	0	0	0	0	0.00766283524904215	0	0.0727969348659004	0	0.00766283524904215	0	0	0	0	0
103	0	0	0	0	0	0	0	0	0	0	0.00766283524904215	0.00383141762452107	0	0	0	0	0	0	0	0	0	0	0	0	0	0	0	0	0	0.0421455938697318	0	0.0229885057471264	0	0.00383141762452107	0	0	0
104	0	0	0	0	0	0	0	0	0	0	0.421455938697318	0	0	0.00383141762452107	0	0	0	0	0	0	0	0	0	0	0	0	0	0.0919540229885057	0.00383141762452107	0.218390804597701	0.00383141762452107	0	0	0	0	0	0.00383141762452107
105	0	0	0	0	0.00383141762452107	0	0	0	0	0	0.222222222222222	0.00766283524904215	0	0	0	0	0	0	0	0	0	0	0	0	0	0	0	0.0191570881226054	0.00383141762452107	0.237547892720307	0.00766283524904215	0	0	0	0	0	0
106	0	0	0	0	0	0	0	0	0	0	0.0842911877394636	0.00383141762452107	0	0	0	0	0	0	0	0	0	0	0	0	0	0.00766283524904215	0	0.0344827586206897	0	0.0804597701149425	0	0	0	0	0	0	0.00766283524904215
107	0	0	0	0	0	0	0	0	0	0	0.0689655172413793	0.0114942528735632	0	0.00383141762452107	0	0	0	0	0	0	0	0	0	0	0	0	0	0.0191570881226054	0	0.0727969348659004	0	0	0	0	0	0	0.00383141762452107
108	0.0229885057471264	0	0	0	0	0	0	0	0	0	0	0	0	0	0	0	0	0	0	0	0	0	0	0	0	0.0191570881226054	0.00766283524904215	0	0.00383141762452107	0	0	0.0229885057471264	0	0	0	0	0
109	0	0	0	0	0	0	0	0	0	0	0.206896551724138	0.00383141762452107	0	0	0	0	0	0	0	0	0	0	0	0	0	0	0	0.0268199233716475	0	0.172413793103448	0	0.00383141762452107	0	0	0	0	0
110	0	0	0	0	0	0	0	0	0	0	0.114942528735632	0.00766283524904215	0	0	0	0	0	0	0	0	0	0	0	0.00383141762452107	0	0	0	0.00383141762452107	0.00383141762452107	0.0727969348659004	0	0	0	0	0	0	0.00383141762452107
111	0.00383141762452107	0	0.00383141762452107	0	0	0	0	0	0	0	0.122605363984674	0.00383141762452107	0	0.00766283524904215	0	0	0	0	0	0	0	0	0	0.0268199233716475	0	0	0	0.0114942528735632	0.0153256704980843	0.0114942528735632	0.00383141762452107	0	0	0	0	0	0.0114942528735632
112	0	0	0	0	0	0	0	0	0	0	0.445692883895131	0.0224719101123595	0	0	0	0	0	0	0	0	0	0	0	0	0	0	0	0.0149812734082397	0.0224719101123595	0.123595505617978	0	0	0	0	0	0	0
113	0	0	0	0	0	0	0	0	0	0	0	0	0	0	0	0	0	0	0	0	0	0	0	0	0	0	0	0.00378787878787879	0	0.00378787878787879	0	0.0113636363636364	0	0	0	0	0
114	0	0	0	0	0	0	0	0	0	0	0.208333333333333	0.00757575757575758	0	0	0.00378787878787879	0	0	0	0	0	0	0	0	0	0	0	0	0.0265151515151515	0	0.102272727272727	0	0.00378787878787879	0	0	0	0	0.00757575757575758
115	0	0	0	0	0	0	0	0	0	0	0.175627240143369	0.017921146953405	0	0.00716845878136201	0	0	0	0	0	0	0	0	0	0	0	0.003584229390681	0	0.0752688172043011	0	0.125448028673835	0	0	0	0	0	0	0
116	0	0	0	0	0	0	0	0	0	0	0.0471014492753623	0	0	0	0	0	0	0	0	0	0	0	0	0	0	0	0	0.0072463768115942	0.0036231884057971	0.0760869565217391	0	0.0144927536231884	0	0	0	0	0
117	0	0	0	0	0	0	0	0	0	0	0.0383141762452107	0.00383141762452107	0	0	0	0	0	0	0	0	0	0	0	0	0	0	0	0.00383141762452107	0	0.114942528735632	0	0.0268199233716475	0	0	0	0	0
118	0	0	0	0	0	0	0	0	0	0	0.122605363984674	0.0114942528735632	0	0	0	0	0	0	0	0	0	0	0	0	0	0	0.00383141762452107	0.0306513409961686	0	0.103448275862069	0	0	0	0	0	0	0
119	0	0	0	0	0	0	0	0	0	0	0.00766283524904215	0	0	0.0114942528735632	0	0	0	0	0	0	0	0	0	0	0	0.00383141762452107	0	0.00766283524904215	0	0.118773946360153	0	0.0229885057471264	0	0	0	0	0.00383141762452107
120	0	0	0	0	0	0	0	0	0	0	0.0125523012552301	0.00418410041841004	0	0.00418410041841004	0	0	0	0	0	0	0	0	0	0	0	0	0	0.00418410041841004	0	0.0627615062761506	0	0.0125523012552301	0	0	0	0	0
121	0	0	0	0	0	0	0	0	0	0	0.0766283524904215	0.0114942528735632	0	0	0	0	0	0	0	0	0	0	0	0.0766283524904215	0	0.00383141762452107	0	0.0229885057471264	0	0.0574712643678161	0	0	0	0	0	0	0.00766283524904215
122	0	0	0.0613026819923372	0	0	0	0	0	0	0	0.00766283524904215	0.0153256704980843	0	0.00383141762452107	0	0	0	0	0	0	0	0	0	0.0114942528735632	0	0.0344827586206897	0	0.0766283524904215	0	0.0114942528735632	0	0	0	0	0	0	0.0114942528735632
123	0	0	0	0	0	0	0	0	0	0	0.170454545454545	0.00378787878787879	0	0.00378787878787879	0	0	0	0	0	0	0	0	0	0.0151515151515152	0	0.00757575757575758	0	0.0643939393939394	0.00378787878787879	0.0795454545454545	0.00378787878787879	0	0	0	0	0	0.0189393939393939
124	0	0	0.0113636363636364	0	0	0	0	0	0	0	0.00757575757575758	0	0	0	0	0	0	0	0	0	0	0	0	0.00378787878787879	0	0.00757575757575758	0	0.0378787878787879	0.00378787878787879	0.0227272727272727	0	0.00757575757575758	0	0	0	0	0.0189393939393939
125	0.00833333333333333	0	0.00833333333333333	0	0	0	0	0	0	0	0	0	0	0	0	0	0	0	0	0	0	0	0	0	0	0.00833333333333333	0.0125	0.025	0	0.0333333333333333	0.00416666666666667	0.0166666666666667	0	0	0	0	0
126	0	0	0	0	0	0	0	0	0	0	0	0.00383141762452107	0	0	0	0	0	0	0	0	0	0	0	0	0	0	0	0	0	0	0	0.0421455938697318	0	0	0	0	0
127	0	0	0	0	0	0	0	0	0	0	0.0153256704980843	0	0	0.00766283524904215	0	0	0	0	0	0	0	0	0	0	0	0	0	0.00383141762452107	0	0.053639846743295	0	0.0268199233716475	0	0	0	0	0
128	0.0306513409961686	0	0.00383141762452107	0	0	0	0	0	0	0	0	0	0	0	0	0	0	0	0	0	0	0	0	0	0	0.00383141762452107	0.0268199233716475	0	0	0	0	0.0651340996168582	0	0	0	0	0
129	0	0	0	0	0	0	0	0	0	0	0	0	0	0	0	0	0	0	0	0	0	0	0	0	0	0	0.00383141762452107	0	0	0	0	0.0574712643678161	0	0	0	0	0
130	0	0	0	0	0	0	0	0	0	0	0.18007662835249	0.00766283524904215	0	0	0	0	0	0	0	0	0	0	0	0.00383141762452107	0	0	0	0.0114942528735632	0.00383141762452107	0.0421455938697318	0	0	0	0	0	0	0.00383141762452107
131	0	0	0	0	0	0	0	0	0	0	0.053639846743295	0.00383141762452107	0	0	0	0	0	0	0	0	0	0	0	0	0	0	0	0.00383141762452107	0.00766283524904215	0.10727969348659	0	0	0	0	0	0	0.00383141762452107
132	0	0	0	0	0	0	0	0	0	0	0.0833333333333333	0.0378787878787879	0	0	0	0	0	0	0	0	0	0	0	0.0113636363636364	0	0	0	0.0681818181818182	0.00757575757575758	0.0984848484848485	0	0.00378787878787879	0	0	0	0	0
133	0	0	0	0	0	0	0	0	0	0	0.0785123966942149	0.0330578512396694	0	0	0	0	0	0	0	0	0	0	0	0	0	0	0	0.0454545454545455	0.00413223140495868	0.0743801652892562	0	0	0	0	0	0	0.00826446280991736
134	0	0	0.0517241379310345	0	0	0	0	0	0	0	0	0.0862068965517241	0	0	0	0	0	0	0.00574712643678161	0	0	0	0	0.0402298850574713	0	0.0459770114942529	0	0.0689655172413793	0	0.0114942528735632	0	0	0	0	0	0	0.028735632183908
135	0	0	0	0	0	0	0	0	0	0	0.025974025974026	0	0	0	0	0	0	0	0	0	0	0	0	0	0	0	0	0.025974025974026	0	0.214285714285714	0	0.012987012987013	0	0	0	0	0
136	0	0	0	0	0	0	0	0	0	0	0.131205673758865	0.0141843971631206	0	0	0	0	0	0	0	0	0	0	0	0	0	0.00354609929078014	0	0.0212765957446809	0.00709219858156028	0.0957446808510638	0	0.00709219858156028	0	0	0	0	0
137	0	0	0.0106382978723404	0.0106382978723404	0	0	0	0	0	0	0.0354609929078014	0.0283687943262411	0	0	0	0	0	0	0	0	0	0	0	0.00354609929078014	0.00354609929078014	0.106382978723404	0	0.0531914893617021	0	0.0212765957446809	0	0.00354609929078014	0	0	0	0	0.0106382978723404
138	0	0	0	0	0	0	0	0	0	0	0.148936170212766	0.0106382978723404	0	0.00354609929078014	0	0	0	0	0	0	0	0	0	0	0	0	0	0.0354609929078014	0	0.117021276595745	0	0	0	0	0	0	0
139	0	0	0.00354609929078014	0	0	0	0	0	0	0	0.198581560283688	0.049645390070922	0	0.0106382978723404	0	0	0	0	0	0	0	0	0	0.00354609929078014	0	0.0106382978723404	0	0.117021276595745	0.00354609929078014	0.0673758865248227	0	0.0106382978723404	0	0	0	0	0
140	0.0235294117647059	0	0.00392156862745098	0	0	0	0	0	0	0	0	0	0	0	0	0	0	0	0	0	0	0	0	0	0	0	0.00392156862745098	0	0	0	0	0.0235294117647059	0	0	0	0.00392156862745098	0.00392156862745098
141	0	0	0.0125523012552301	0	0	0	0	0	0	0	0.00836820083682008	0.0125523012552301	0	0.00418410041841004	0	0	0	0	0	0	0	0	0	0.00418410041841004	0	0.0125523012552301	0	0.0460251046025105	0	0.0292887029288703	0	0	0	0	0	0	0
142	0	0	0	0	0	0	0	0	0	0	0.159663865546218	0.0294117647058824	0	0	0	0	0	0	0	0	0	0	0	0	0	0	0	0.0420168067226891	0.00420168067226891	0.046218487394958	0.00420168067226891	0	0	0	0	0	0.0168067226890756
143	0	0	0.00413223140495868	0	0	0	0	0	0	0	0.140495867768595	0	0	0	0	0	0	0	0	0	0.00413223140495868	0	0	0	0	0	0	0.00413223140495868	0.0206611570247934	0.012396694214876	0	0.00413223140495868	0	0	0	0	0
144	0	0	0.0113636363636364	0	0	0	0	0	0	0	0.0303030303030303	0.0227272727272727	0	0.00378787878787879	0	0	0	0	0	0	0	0	0	0	0	0.00757575757575758	0	0.053030303030303	0.00757575757575758	0.0227272727272727	0	0.00378787878787879	0	0	0	0	0.00378787878787879
145	0	0	0.0303030303030303	0	0	0	0	0	0	0	0.0151515151515152	0.0568181818181818	0	0	0	0	0	0.00378787878787879	0	0	0	0	0	0.00378787878787879	0	0.053030303030303	0	0.0681818181818182	0	0.00378787878787879	0.00378787878787879	0	0	0	0	0	0.0492424242424242
146	0	0	0	0	0	0	0	0	0	0	0.306818181818182	0.0151515151515152	0	0.00378787878787879	0	0	0	0	0	0	0	0	0	0	0	0.00757575757575758	0	0.0454545454545455	0.0113636363636364	0.166666666666667	0	0	0	0	0	0	0
147	0	0	0	0	0	0	0	0	0	0	0.00354609929078014	0	0	0	0	0	0	0	0	0	0	0	0	0	0	0	0	0.00354609929078014	0	0.0460992907801418	0	0.024822695035461	0	0	0	0	0
148	0	0	0.0319148936170213	0	0	0	0	0	0	0.00354609929078014	0	0.0141843971631206	0	0.0106382978723404	0	0	0	0	0	0	0	0	0	0	0	0.00709219858156028	0	0.0390070921985816	0	0.00709219858156028	0	0	0	0	0	0	0.0319148936170213
149	0	0	0	0	0	0	0	0	0	0	0.124113475177305	0.00709219858156028	0	0.00354609929078014	0	0	0	0	0	0	0	0	0	0.00354609929078014	0	0.0106382978723404	0	0.074468085106383	0.00354609929078014	0.0638297872340425	0	0	0	0	0	0	0
150	0.00709219858156028	0	0.0106382978723404	0.0106382978723404	0	0	0	0	0	0	0	0.00709219858156028	0	0	0	0	0	0	0	0	0.00354609929078014	0	0	0.0106382978723404	0	0.00354609929078014	0.00354609929078014	0.0177304964539007	0.00354609929078014	0.0141843971631206	0	0	0	0	0	0	0.0319148936170213
151	0	0	0.00354609929078014	0	0	0	0	0	0	0	0.0106382978723404	0	0	0.00354609929078014	0	0	0	0	0	0	0.0141843971631206	0	0	0.0141843971631206	0	0.0141843971631206	0	0.0531914893617021	0	0.0141843971631206	0	0.0177304964539007	0.0141843971631206	0	0	0	0
152	0	0	0	0	0	0	0	0	0	0	0	0	0	0	0	0	0	0	0	0	0	0	0	0	0	0	0	0.0037037037037037	0	0.0592592592592593	0	0.00740740740740741	0	0	0.0037037037037037	0	0.00740740740740741
153	0	0	0.0037037037037037	0	0	0	0	0	0	0	0.137037037037037	0.00740740740740741	0	0	0	0	0	0	0	0	0	0	0	0.0111111111111111	0	0.00740740740740741	0	0.0296296296296296	0.0037037037037037	0.0259259259259259	0	0	0	0	0	0	0.0037037037037037
154	0	0	0	0	0	0	0	0	0	0	0.0223214285714286	0.03125	0	0	0	0	0	0	0	0	0	0	0	0.00892857142857143	0	0.0401785714285714	0	0.0267857142857143	0	0.00446428571428571	0	0	0	0	0	0	0.0267857142857143
155	0	0	0.0183150183150183	0.00366300366300366	0	0	0	0	0	0	0.00366300366300366	0.0915750915750916	0	0	0	0	0	0	0	0	0	0	0	0.0183150183150183	0.00366300366300366	0.0146520146520147	0	0.0695970695970696	0	0.00732600732600733	0	0	0	0	0	0	0.0879120879120879
156	0	0	0.0146520146520147	0	0	0	0	0	0	0	0.201465201465201	0.10989010989011	0	0	0	0	0	0	0	0	0	0	0	0.00732600732600733	0	0.0549450549450549	0	0.0732600732600733	0.0183150183150183	0.0402930402930403	0	0	0	0	0	0	0.021978021978022
157	0	0	0.0549450549450549	0	0	0	0	0	0	0	0.00732600732600733	0.0476190476190476	0	0	0	0	0	0	0	0	0	0	0	0.010989010989011	0	0.0622710622710623	0	0.0586080586080586	0.00732600732600733	0.010989010989011	0	0	0	0	0	0.00366300366300366	0.0146520146520147
158	0	0	0	0	0	0	0	0	0	0	0.0631578947368421	0	0	0	0	0	0	0	0	0	0	0	0	0	0	0	0	0.0210526315789474	0	0.0491228070175439	0	0.00350877192982456	0	0	0	0	0
159	0	0	0	0	0	0	0	0	0	0	0.163120567375887	0.0177304964539007	0	0.0106382978723404	0	0	0	0	0	0	0	0	0	0.0212765957446809	0	0	0	0.113475177304965	0	0.0460992907801418	0	0.00354609929078014	0	0	0	0	0.00354609929078014
160	0	0	0.0212765957446809	0	0	0	0	0	0	0	0.00354609929078014	0.0141843971631206	0	0.00354609929078014	0	0	0	0	0	0	0	0	0	0.0106382978723404	0	0.0212765957446809	0	0.0390070921985816	0	0	0	0	0	0	0	0	0
161	0	0	0.0283687943262411	0	0	0	0	0	0	0	0	0.00709219858156028	0.00354609929078014	0.0106382978723404	0	0	0	0	0	0	0	0	0	0.0106382978723404	0	0.0709219858156028	0	0.0815602836879433	0	0.00709219858156028	0.0177304964539007	0	0	0	0	0	0.0425531914893617
162	0	0	0.0219298245614035	0	0	0	0	0	0	0	0	0.0131578947368421	0	0	0	0	0	0	0	0	0	0	0	0.0175438596491228	0	0	0	0	0	0.0087719298245614	0	0	0	0	0	0	0.0043859649122807
163	0	0	0	0	0	0	0	0	0	0	0.0111111111111111	0	0	0	0	0	0	0	0	0	0	0	0	0	0	0	0	0.00740740740740741	0.0037037037037037	0.0740740740740741	0	0	0	0	0	0	0
164	0	0	0.0111111111111111	0	0	0	0	0	0	0	0.0037037037037037	0.0296296296296296	0	0.0037037037037037	0	0	0	0	0	0	0	0	0	0.0148148148148148	0	0.0296296296296296	0	0.0444444444444444	0	0.00740740740740741	0	0	0	0	0	0	0.0111111111111111
165	0	0	0.0402930402930403	0	0	0	0	0	0	0	0.00732600732600733	0.0952380952380952	0	0	0	0	0	0	0	0	0	0	0	0	0	0.0952380952380952	0	0.0659340659340659	0.00732600732600733	0.0146520146520147	0.00366300366300366	0	0	0	0	0	0.0183150183150183
166	0	0	0.0183150183150183	0	0	0	0	0	0	0	0.19047619047619	0.0366300366300366	0	0.00732600732600733	0	0	0	0	0	0	0	0	0	0	0	0.021978021978022	0	0.0695970695970696	0.0183150183150183	0.0366300366300366	0	0	0	0	0	0	0.00732600732600733
167	0	0	0	0	0	0	0	0	0	0	0	0	0	0.00366300366300366	0	0	0	0	0	0	0	0	0	0	0	0	0	0	0	0.010989010989011	0	0.00732600732600733	0	0	0	0.00732600732600733	0
168	0	0	0.0115830115830116	0	0	0	0	0	0	0	0.181467181467181	0.0308880308880309	0	0.00386100386100386	0	0	0	0	0	0	0	0	0	0	0	0.00386100386100386	0	0.1003861003861	0.0154440154440154	0.0115830115830116	0.00386100386100386	0	0	0	0	0	0.0115830115830116
169	0	0	0.00709219858156028	0	0	0	0	0	0	0	0.145390070921986	0.0141843971631206	0	0	0	0	0	0	0	0	0	0	0	0.0283687943262411	0	0.0283687943262411	0	0.0283687943262411	0	0.0354609929078014	0	0	0	0	0.00354609929078014	0	0.0177304964539007
170	0	0	0.024822695035461	0	0	0	0	0	0	0	0.00354609929078014	0.0177304964539007	0	0	0	0	0	0	0	0	0	0	0	0.0141843971631206	0	0.024822695035461	0	0.0319148936170213	0	0	0	0	0	0	0	0	0.024822695035461
171	0	0	0.0343347639484979	0	0	0	0	0	0	0	0	0.0128755364806867	0	0.00429184549356223	0	0	0	0	0	0	0	0	0	0.0128755364806867	0	0.0343347639484979	0	0.0600858369098712	0	0	0	0	0	0	0	0	0.00429184549356223
172	0	0	0	0	0	0	0	0	0	0	0.003584229390681	0.003584229390681	0	0	0	0	0	0	0	0	0	0	0	0	0	0.00716845878136201	0	0.00716845878136201	0	0.0609318996415771	0.003584229390681	0	0	0	0	0	0
173	0	0	0.008	0	0	0	0	0	0	0	0.024	0	0	0	0	0	0	0	0	0	0	0	0	0.004	0	0	0	0.036	0.004	0.028	0	0	0	0	0	0	0.004
174	0	0	0.0177304964539007	0	0	0	0	0	0	0	0.0177304964539007	0.0283687943262411	0	0.00354609929078014	0	0	0	0	0	0	0.00709219858156028	0	0	0.024822695035461	0	0.0319148936170213	0	0.0886524822695035	0.0177304964539007	0.0141843971631206	0	0.00354609929078014	0	0	0	0	0.0886524822695035
175	0	0	0.0177304964539007	0	0	0	0.00354609929078014	0	0	0	0.0780141843971631	0.0780141843971631	0	0.0283687943262411	0	0	0	0	0	0	0	0	0	0.024822695035461	0	0.0283687943262411	0	0.0957446808510638	0	0.0886524822695035	0	0	0	0	0	0	0.024822695035461
176	0	0	0.00354609929078014	0	0	0	0	0	0	0	0.0390070921985816	0.0319148936170213	0	0.0106382978723404	0	0	0	0	0	0	0	0	0	0.0177304964539007	0	0.138297872340426	0	0.049645390070922	0.0177304964539007	0.0921985815602837	0	0.0141843971631206	0	0	0	0.00354609929078014	0
177	0.003584229390681	0	0	0	0	0	0	0	0	0	0	0	0	0	0	0	0.003584229390681	0	0	0	0	0	0	0.003584229390681	0	0	0	0.00716845878136201	0	0	0	0.010752688172043	0	0	0	0.003584229390681	0.003584229390681
178	0	0	0.0408163265306122	0	0	0	0	0	0	0	0.00340136054421769	0.0272108843537415	0.00340136054421769	0.0136054421768707	0	0	0	0	0	0	0	0	0	0.0102040816326531	0	0.0340136054421769	0	0.0408163265306122	0	0	0	0	0	0	0	0	0.0272108843537415
179	0	0	0.0274914089347079	0	0	0	0	0	0	0	0.0412371134020619	0.0103092783505155	0	0	0	0	0	0	0	0	0	0	0	0	0	0.0274914089347079	0	0.0446735395189003	0	0.0309278350515464	0	0	0	0	0	0	0
180	0	0	0.0206185567010309	0	0	0	0	0	0	0	0	0.0274914089347079	0	0	0	0	0	0	0	0	0	0	0	0	0	0.0481099656357388	0	0.0481099656357388	0.00343642611683849	0.0103092783505155	0	0	0	0	0	0	0.0103092783505155
181	0	0	0.0378006872852234	0	0	0	0	0	0	0	0.013745704467354	0.0274914089347079	0	0	0	0	0	0	0	0	0	0	0	0.0206185567010309	0	0.0171821305841924	0.00687285223367698	0.0378006872852234	0	0.0206185567010309	0	0	0	0	0	0	0.0240549828178694
182	0	0	0.0503875968992248	0	0	0	0	0	0.00387596899224806	0	0	0	0	0.00387596899224806	0	0	0	0	0	0	0	0	0	0.00775193798449612	0	0.0387596899224806	0.00387596899224806	0.0310077519379845	0	0	0	0	0	0	0	0	0.0116279069767442
183	0	0	0	0	0	0	0	0	0	0	0.032258064516129	0	0	0.003584229390681	0	0	0	0	0	0	0	0	0	0.003584229390681	0	0.003584229390681	0	0.014336917562724	0.010752688172043	0.046594982078853	0	0	0	0	0	0	0.00716845878136201
184	0	0	0	0	0	0	0	0	0	0	0	0	0	0	0	0	0	0	0	0	0	0	0	0	0	0	0	0	0.00396825396825397	0	0	0.00396825396825397	0	0	0	0	0
185	0	0	0	0	0	0	0	0	0	0	0.0177304964539007	0.00354609929078014	0	0	0	0	0	0	0	0	0	0	0	0	0	0	0	0	0.00709219858156028	0.0425531914893617	0	0.00354609929078014	0	0	0	0	0
186	0	0	0	0	0	0	0	0	0	0	0.00709219858156028	0.00354609929078014	0	0	0	0	0	0	0	0	0	0	0	0	0	0	0	0	0	0.0283687943262411	0	0.00709219858156028	0	0	0	0.00354609929078014	0
187	0	0	0	0	0	0	0	0	0	0	0.021505376344086	0.017921146953405	0	0	0	0	0	0	0	0	0	0	0	0	0	0	0	0.014336917562724	0	0.046594982078853	0	0.017921146953405	0	0	0	0	0
188	0	0	0.0189393939393939	0	0	0	0	0	0	0	0	0.0227272727272727	0	0	0	0	0	0	0	0	0	0	0	0.0113636363636364	0	0.0189393939393939	0	0.0265151515151515	0	0.00378787878787879	0	0	0	0	0	0	0.0151515151515152
189	0	0	0.0343642611683849	0	0	0	0	0	0	0	0.00343642611683849	0.0274914089347079	0	0	0	0	0	0	0	0	0	0	0	0.013745704467354	0	0.0378006872852234	0	0.0274914089347079	0	0.00687285223367698	0	0	0	0	0	0	0.0206185567010309
190	0	0	0.013745704467354	0.00687285223367698	0	0	0	0	0	0	0	0.0171821305841924	0	0	0	0	0	0	0	0	0	0	0	0.0103092783505155	0	0.0515463917525773	0	0.013745704467354	0	0	0	0	0	0	0	0	0.013745704467354
191	0	0	0.0343642611683849	0	0	0	0	0	0.00343642611683849	0	0	0.00343642611683849	0	0.00343642611683849	0	0	0	0	0	0	0	0	0	0.00687285223367698	0	0.0171821305841924	0	0.0206185567010309	0	0.0171821305841924	0	0	0	0	0	0	0.013745704467354
192	0	0	0.0426356589147287	0	0	0	0	0	0	0	0.00387596899224806	0.0232558139534884	0	0	0	0	0	0	0	0	0	0	0	0	0	0.0193798449612403	0	0.0193798449612403	0	0.0271317829457364	0	0	0	0	0	0	0.0193798449612403
