"V1"	"V2"	"V3"	"V4"	"V5"	"V6"	"V7"	"V8"	"V9"	"V10"	"V11"	"V12"	"V13"	"V14"	"V15"	"V16"	"V17"	"V18"	"V19"	"V20"	"V21"	"V22"	"V23"	"V24"	"V25"	"V26"	"V27"	"V28"	"V29"	"V30"	"V31"	"V32"	"V33"	"V34"	"V35"	"V36"	"V37"	"V38"	"V39"	"V40"	"V41"	"V42"	"V43"	"V44"	"V45"	"V46"	"V47"	"V48"	"V49"	"V50"
"1"	0	0	0	0	0	1	7	11	20	38	0	0	0	1	0	14	16	1	14	26	0	0	0	0	0	0	10	20	65	25	0	0	0	0	0	0	8	40	30	28	0	0	0	0	0	5	2	13	49	10
"2"	0	0	0	1	2	0	13	31	19	14	0	0	0	0	5	3	15	15	5	10	0	0	0	0	1	4	53	25	20	12	0	0	0	0	0	57	32	23	10	7	0	0	0	0	13	16	32	48	6	3
"3"	0	0	0	7	19	34	28	24	7	5	0	0	6	3	7	12	19	4	0	3	0	0	0	0	7	4	31	36	2	0	0	2	4	2	1	15	26	24	1	3	0	0	0	8	17	31	38	48	2	0
"4"	0	4	0	0	32	17	36	7	2	0	0	0	0	13	18	38	18	13	0	0	0	0	0	0	13	19	29	12	0	0	0	2	0	36	37	10	23	1	1	0	0	0	0	5	47	40	23	2	0	0
"5"	0	0	0	4	22	14	34	17	1	2	0	0	2	2	14	31	23	40	0	0	0	1	0	5	24	8	35	8	0	0	0	0	0	34	17	15	22	11	6	0	0	0	1	20	33	24	26	4	0	0
"6"	0	0	0	3	4	25	24	41	0	5	0	0	0	8	9	36	23	15	5	12	0	0	0	1	24	35	22	6	2	5	0	0	1	1	17	33	23	20	2	0	0	6	2	4	22	17	1	6	1	0
"7"	0	0	6	0	33	23	18	4	0	0	0	1	0	9	22	18	5	0	1	0	0	0	3	5	15	44	8	3	0	0	0	0	3	0	47	37	10	5	2	0	0	0	3	2	38	51	33	8	1	0
"8"	0	0	0	4	30	15	13	22	4	0	0	0	0	10	18	21	26	1	0	0	0	0	0	0	13	37	22	6	1	0	0	0	0	3	63	16	13	1	5	0	0	0	1	9	24	54	31	7	0	0
"9"	1	2	11	11	18	28	9	1	0	0	3	1	11	3	20	36	9	7	0	0	0	5	13	1	17	48	7	0	9	0	0	0	0	7	31	22	18	13	0	0	6	5	12	2	19	55	18	4	0	0
"10"	5	19	15	16	24	6	4	1	1	0	23	31	22	2	5	4	0	7	0	0	6	0	14	18	20	20	3	0	0	0	6	8	3	14	23	3	0	0	0	0	16	8	28	16	36	19	8	0	3	0
"11"	21	38	15	3	0	0	0	0	0	0	30	47	31	9	1	1	0	0	0	0	12	22	33	5	4	2	0	0	0	0	6	42	4	9	2	0	2	0	0	0	43	34	15	16	15	5	0	0	0	0
"12"	25	32	33	0	0	0	0	0	0	0	36	58	28	2	0	0	0	0	0	0	25	35	7	6	3	6	0	0	0	0	41	39	13	14	0	0	0	0	0	0	39	23	30	5	0	0	0	0	0	0
"13"	0	0	0	0	0	6	4	36	60	13	0	0	0	2	0	0	6	14	13	36	0	0	0	1	0	1	13	3	62	23	0	0	0	0	0	1	24	28	23	15	0	0	0	0	2	0	10	39	26	28
"14"	0	0	0	0	0	12	9	44	11	3	0	0	0	0	3	27	29	16	5	3	0	0	0	1	1	14	21	27	29	11	0	0	0	0	6	14	63	34	11	11	0	1	0	0	1	14	8	25	14	4
"15"	0	0	0	1	4	12	23	11	2	1	0	4	0	1	1	17	22	27	8	2	0	0	0	0	6	29	54	36	3	0	0	0	0	4	0	21	39	22	16	7	0	0	0	3	10	14	62	21	13	4
"16"	0	0	0	5	23	18	27	38	3	0	0	6	0	4	0	16	17	15	0	5	0	0	0	0	9	4	8	31	5	15	0	0	0	3	13	17	18	37	37	2	0	0	0	4	11	25	30	23	28	2
"17"	0	0	0	0	13	15	25	35	2	0	0	0	0	0	7	14	28	28	1	4	0	0	1	0	7	29	37	18	1	1	0	0	0	5	6	10	48	28	0	0	0	0	0	10	25	25	32	9	22	2
"18"	0	0	1	2	34	13	23	35	5	0	0	0	0	0	8	27	25	19	8	0	2	0	5	4	3	21	20	9	11	1	0	0	6	12	7	19	31	34	3	0	0	0	0	23	10	31	19	16	0	0
"19"	0	0	12	20	11	23	17	23	3	0	0	1	3	2	26	18	32	5	0	6	0	0	10	7	9	28	35	18	0	0	0	2	0	3	29	13	40	9	1	0	0	0	0	10	19	28	30	7	0	0
"20"	3	0	8	9	7	24	16	9	6	0	0	2	12	10	16	46	26	3	0	0	0	0	5	8	14	16	18	19	7	0	0	1	3	2	40	20	23	5	10	0	0	0	5	9	12	39	18	0	0	0
"21"	0	1	12	18	11	20	18	1	0	0	0	4	13	16	33	29	13	4	0	0	0	5	12	6	11	43	7	2	0	0	4	4	7	23	35	18	16	1	0	0	1	3	16	33	13	22	18	0	1	0
"22"	8	32	13	14	14	7	0	0	0	0	14	22	13	6	6	5	5	0	0	0	6	15	4	3	5	9	0	0	0	0	16	12	16	10	22	9	1	0	0	0	17	9	48	17	11	1	15	0	0	0
"23"	7	28	32	7	2	7	0	0	0	0	11	35	37	6	2	7	0	0	0	0	9	24	17	13	2	3	0	3	0	0	21	36	31	11	0	0	0	0	0	0	37	18	27	23	0	0	0	0	0	0
"24"	22	50	19	2	3	0	0	0	0	0	26	25	18	0	0	0	0	0	0	0	29	21	7	0	2	0	0	0	0	0	30	32	10	15	1	0	1	0	0	0	67	11	42	3	1	0	0	0	0	0
"25"	0	0	0	3	0	0	1	42	58	13	0	0	0	0	0	2	11	17	7	23	0	0	0	0	0	0	8	5	99	22	0	0	0	0	2	0	19	14	37	10	0	0	0	0	2	0	0	43	52	10
"26"	0	0	0	0	0	2	17	57	21	0	0	0	0	0	0	4	15	25	7	18	0	0	0	0	3	0	31	24	31	16	0	0	0	0	6	2	31	45	21	10	0	0	0	0	0	2	19	40	24	21
"27"	0	0	0	0	0	2	18	16	10	0	0	0	0	0	1	4	11	48	4	11	0	0	0	0	10	10	44	45	16	11	0	0	0	0	7	16	26	36	14	5	0	0	0	0	5	9	6	44	30	2
"28"	0	0	0	0	1	8	42	14	31	0	0	0	0	0	4	13	20	61	36	1	0	0	0	2	8	5	22	45	12	8	0	0	0	1	4	3	12	17	14	0	0	0	0	1	0	10	22	35	31	4
"29"	0	0	0	2	12	19	34	9	8	5	0	0	0	0	2	8	6	33	25	4	0	0	0	0	8	15	37	15	6	3	0	0	0	2	3	24	41	22	6	9	0	0	0	20	21	23	7	28	31	0
"30"	0	0	1	7	17	19	18	17	6	4	0	0	1	6	45	16	15	1	3	0	6	0	0	7	29	23	25	10	0	0	0	0	0	17	25	29	26	8	10	3	0	0	0	13	13	24	22	8	4	1
"31"	0	0	1	4	16	12	12	3	1	3	0	3	8	12	45	12	22	7	1	0	0	0	0	17	30	28	10	5	0	6	0	0	9	23	27	23	26	0	5	0	0	2	0	10	56	32	4	7	0	1
"32"	0	1	7	11	23	16	26	6	1	1	0	0	14	19	15	30	9	7	0	0	0	0	0	28	25	33	20	10	2	0	0	0	4	16	22	12	14	2	0	0	0	4	5	29	32	26	23	5	0	0
"33"	0	1	4	4	11	34	12	9	0	0	0	8	13	7	21	21	5	1	5	0	1	6	8	29	9	37	19	13	0	0	0	7	8	14	16	6	38	0	0	0	1	0	11	8	12	26	29	0	0	0
"34"	15	18	11	7	12	19	7	1	0	0	3	13	7	5	5	13	4	0	0	0	4	3	18	33	3	4	2	3	2	0	4	10	52	32	40	14	0	0	0	0	18	29	32	23	5	11	6	0	0	0
"35"	7	34	16	2	2	7	0	0	0	0	22	37	24	12	6	1	6	0	0	0	19	22	8	16	8	0	0	0	0	0	23	24	23	25	4	0	0	0	0	0	12	19	34	26	2	3	5	0	0	0
"36"	13	42	20	3	0	0	0	0	0	0	15	34	19	2	2	0	0	0	0	0	23	17	25	12	0	0	0	0	2	0	33	46	34	14	3	0	0	0	0	0	22	35	42	5	1	0	0	0	0	0
"37"	0	0	0	0	0	9	12	34	24	0	0	0	0	0	7	5	25	68	36	7	0	0	0	0	0	2	7	3	80	6	0	0	0	0	0	1	14	10	23	20	0	0	0	0	0	6	28	13	29	20
"38"	0	0	0	0	4	3	11	30	23	0	0	0	0	0	0	4	24	24	46	13	0	0	0	0	1	2	24	33	19	3	0	0	0	0	1	3	45	24	47	2	0	0	0	0	0	5	24	57	10	18
"39"	0	0	0	0	0	0	34	39	11	0	0	0	0	0	2	23	28	71	8	5	0	0	0	0	4	7	21	30	8	3	0	0	0	0	2	29	24	31	7	1	0	0	0	6	8	13	38	23	18	6
"40"	0	0	0	3	2	12	14	25	10	3	0	3	0	0	1	5	49	28	20	12	0	0	0	0	1	20	19	32	4	13	0	0	0	0	10	14	14	22	31	4	0	0	0	1	7	18	59	24	8	2
"41"	0	0	0	2	0	2	15	24	9	8	0	0	0	0	4	6	53	29	11	2	0	0	0	1	0	15	18	29	11	0	0	0	0	0	1	6	41	13	20	5	0	0	0	0	8	30	30	24	55	0
"42"	0	0	0	15	14	17	14	28	0	4	0	7	1	25	16	17	38	11	0	0	0	0	1	11	12	32	18	11	7	1	2	0	2	6	36	3	35	15	8	0	0	3	0	8	37	12	18	2	9	4
"43"	0	0	1	13	31	25	2	0	0	10	0	0	10	19	26	9	8	10	3	0	0	0	16	20	55	15	13	0	0	0	0	37	8	11	31	6	1	15	0	1	0	0	7	27	30	16	3	4	0	0
"44"	0	4	6	15	26	18	6	6	0	0	3	5	4	33	27	17	1	6	0	0	0	2	11	13	43	12	4	6	2	0	0	16	6	12	34	2	28	4	0	0	0	5	7	34	36	18	22	1	0	0
"45"	1	7	11	12	16	29	12	2	5	0	2	7	10	5	6	14	0	7	0	0	1	6	3	28	23	48	6	2	3	0	27	19	21	16	20	15	16	0	1	0	2	0	15	23	7	8	16	2	0	0
"46"	0	26	11	10	5	15	18	0	1	0	3	5	30	30	22	26	2	0	2	0	3	6	13	20	13	0	2	2	1	2	3	2	6	30	23	9	4	0	0	0	2	6	38	24	7	1	2	2	1	0
"47"	6	8	18	22	0	5	7	0	0	0	11	29	50	23	18	3	5	0	0	0	15	22	6	19	4	2	4	2	0	0	10	46	30	30	9	0	0	0	0	0	1	26	28	18	13	0	2	0	0	0
"48"	8	41	10	4	0	4	0	2	0	0	31	18	23	7	4	1	0	0	5	0	26	35	12	2	0	1	0	0	0	0	22	48	29	27	4	8	0	0	0	0	6	29	32	13	5	11	0	0	0	0
"49"	0	0	0	0	0	14	8	38	52	4	0	0	0	0	2	0	20	16	17	11	0	0	0	0	2	6	8	24	30	10	0	0	0	0	0	27	7	28	40	13	0	0	0	0	0	9	28	57	18	11
"50"	0	0	0	0	0	2	30	53	15	1	0	0	0	0	0	21	37	25	27	0	0	0	1	0	9	3	17	35	42	1	0	0	0	0	3	12	13	39	14	5	0	0	0	0	0	13	17	18	5	1
"51"	0	0	0	2	9	21	19	29	23	0	0	0	0	1	6	19	44	18	26	0	0	0	1	0	7	7	33	26	15	0	0	0	0	0	1	8	24	30	11	4	0	0	0	5	7	19	37	20	8	0
"52"	0	0	0	0	1	10	21	21	27	7	0	0	0	0	5	7	22	30	21	1	0	0	0	0	1	20	48	27	15	11	0	0	0	0	6	30	27	21	14	2	1	0	1	0	0	11	58	26	6	2
"53"	0	0	0	0	12	10	10	21	19	15	0	0	0	3	2	3	37	15	9	9	0	0	0	5	3	8	20	34	8	25	0	0	1	0	1	0	30	36	13	1	0	0	2	1	5	12	20	33	29	21
"54"	0	11	2	1	8	34	11	2	8	0	0	3	7	7	8	7	10	9	12	0	0	7	6	9	30	9	27	11	2	0	0	1	9	6	22	17	16	14	9	0	0	0	10	20	22	14	22	16	3	6
"55"	0	2	29	2	28	12	8	1	4	0	3	10	1	50	43	9	5	1	0	0	0	13	10	25	34	16	0	0	0	10	0	2	19	17	14	6	0	2	0	0	1	8	53	27	21	11	3	0	0	0
"56"	2	1	31	16	26	5	21	0	2	0	8	2	9	25	29	7	0	9	0	0	0	5	14	29	13	17	1	2	0	0	0	11	17	2	24	7	4	0	5	0	0	1	30	20	15	32	0	1	0	0
"57"	0	0	17	3	12	32	18	19	3	0	0	5	8	16	20	6	2	7	7	1	0	0	5	18	21	11	3	20	2	2	0	4	12	16	14	16	3	2	4	9	0	1	22	20	3	21	12	28	7	5
"58"	0	5	2	10	0	23	4	25	7	4	0	1	3	1	9	21	4	8	13	0	1	2	9	8	20	20	10	10	4	0	0	7	12	18	9	14	17	2	15	13	4	2	24	41	21	15	19	13	2	3
"59"	5	11	5	20	0	18	4	1	3	0	1	11	29	26	29	6	3	2	1	0	3	27	6	9	11	22	7	3	5	0	0	4	29	43	29	14	2	0	4	0	0	4	20	21	8	23	11	14	6	0
"60"	1	14	4	17	8	14	1	1	1	0	6	6	25	5	42	14	1	0	0	0	1	11	16	25	5	27	0	0	0	0	6	7	11	9	36	16	2	0	0	0	0	9	15	40	17	18	0	8	1	0
"61"	0	0	0	3	1	6	5	32	44	3	0	0	0	1	0	3	16	41	26	7	0	0	0	0	2	1	8	18	18	22	0	0	0	0	6	7	14	11	16	16	0	0	0	0	1	8	9	24	24	32
"62"	0	0	1	1	0	18	5	59	38	10	0	0	0	0	5	13	17	46	11	0	0	0	2	0	4	4	14	15	23	7	0	0	4	0	5	3	15	15	16	6	0	0	0	4	2	15	34	42	31	7
"63"	0	1	0	13	11	6	23	17	28	3	0	0	0	0	10	13	34	19	12	0	0	0	1	0	9	3	35	38	12	1	0	0	2	2	4	9	32	22	12	3	0	0	0	1	12	43	44	20	4	1
"64"	0	0	0	2	10	7	19	23	15	6	1	0	0	1	4	17	24	41	8	4	0	0	0	0	11	8	27	17	10	12	0	0	0	0	4	29	34	8	4	15	0	0	0	4	20	12	65	20	3	15
"65"	0	0	0	0	17	7	27	27	12	9	2	0	0	16	3	9	8	32	8	6	0	0	1	4	1	7	49	6	11	30	0	2	6	9	4	11	36	22	11	5	0	1	0	2	18	5	32	33	6	5
"66"	0	2	3	27	28	40	7	8	4	0	0	0	11	20	14	9	11	6	15	0	1	0	9	7	28	5	23	1	1	2	0	12	9	31	15	19	12	9	5	0	0	2	15	31	18	14	3	7	8	2
"67"	0	7	11	8	22	6	5	0	2	0	11	0	14	20	18	5	8	0	0	0	0	15	28	32	7	2	4	0	1	0	0	0	29	28	44	8	12	3	0	0	0	0	20	52	29	5	0	6	0	0
"68"	1	4	6	12	16	4	15	6	1	2	8	7	9	15	7	4	16	10	0	0	2	5	31	23	25	3	4	6	3	4	0	10	21	13	17	4	16	10	13	1	0	4	30	41	19	21	1	5	1	0
"69"	0	0	1	4	11	8	17	25	9	4	0	0	2	1	10	9	10	6	31	13	0	7	1	1	14	8	10	33	35	6	0	0	6	1	20	22	11	18	36	6	0	0	1	6	6	4	39	22	16	9
"70"	0	0	3	1	3	19	23	13	22	1	0	0	6	2	0	13	27	46	20	0	0	4	0	8	0	4	14	21	21	7	0	0	3	2	4	4	22	0	44	6	0	0	1	6	16	23	28	36	22	5
"71"	0	8	4	7	16	13	2	4	3	1	0	0	9	6	24	21	33	16	0	0	0	0	2	11	11	29	35	6	16	0	0	3	4	21	36	22	8	7	2	0	0	2	1	16	30	48	6	10	3	1
"72"	0	7	20	2	24	43	11	17	0	2	0	1	31	16	37	24	6	2	0	0	1	0	2	12	4	21	1	0	3	0	0	3	7	26	34	22	0	0	0	0	2	0	4	14	34	47	3	6	0	2
"73"	0	0	0	0	5	11	14	29	20	12	0	0	0	0	13	16	25	25	0	16	0	0	0	0	27	19	36	24	13	0	0	0	0	8	14	6	5	9	9	2	0	0	0	4	3	25	26	63	6	15
"74"	0	0	8	22	25	21	8	7	4	3	0	1	0	13	34	36	28	4	2	0	0	0	1	0	10	47	8	10	3	1	0	0	11	2	18	24	10	9	22	1	0	0	0	25	12	34	24	10	2	0
"75"	0	0	1	12	20	23	19	10	3	5	0	0	2	4	11	38	38	27	0	0	0	0	0	0	8	45	21	9	0	0	0	0	2	1	11	23	17	9	17	0	0	0	0	6	32	12	10	19	0	0
"76"	0	0	2	3	17	6	63	16	1	8	0	0	7	9	6	11	25	19	5	0	0	0	2	5	14	53	27	11	0	4	0	0	0	0	11	17	21	12	9	1	0	2	0	10	26	6	30	16	24	1
"77"	10	14	3	20	15	10	8	4	0	2	5	14	9	18	5	12	15	13	12	4	0	0	4	9	20	15	23	4	1	1	0	1	6	11	25	22	16	6	2	0	7	6	14	21	20	37	17	7	0	5
"78"	2	1	23	24	13	18	3	13	0	7	5	0	8	43	9	13	0	1	7	0	2	6	10	19	26	9	9	1	0	4	0	17	24	19	17	13	2	7	0	0	0	12	17	39	6	25	5	21	0	0
"79"	0	5	27	18	13	26	2	0	0	0	20	0	15	21	21	12	0	0	1	0	0	5	14	26	29	6	3	2	0	0	0	0	24	28	20	10	1	5	0	0	0	10	48	32	19	7	1	0	0	0
"80"	0	7	6	28	14	15	45	8	5	2	2	7	11	10	19	0	5	5	5	0	0	1	0	20	30	17	0	4	2	0	0	0	13	15	35	20	16	0	3	0	4	0	19	24	26	17	14	1	4	0
"81"	0	0	0	4	17	1	33	18	18	23	0	2	0	0	0	6	8	20	11	9	0	0	0	3	10	16	7	17	10	20	0	0	4	1	5	11	35	20	23	1	0	0	0	7	6	12	56	28	13	6
"82"	0	0	0	0	0	5	16	31	15	9	0	0	0	6	7	37	13	19	27	9	0	0	0	0	0	20	7	36	18	10	0	0	0	0	16	20	19	29	19	0	0	0	0	7	6	17	10	39	24	9
"83"	0	6	2	10	8	25	8	1	4	0	4	0	3	13	19	38	14	18	1	6	0	0	1	18	9	32	25	12	11	3	0	0	4	1	13	15	13	2	10	5	0	0	8	20	11	37	7	6	6	5
"84"	0	5	5	11	23	14	0	2	2	0	2	5	6	44	31	15	0	4	0	2	5	8	21	8	30	37	7	1	2	0	8	1	7	24	27	28	6	0	0	0	14	3	7	24	29	17	9	6	0	0
"85"	0	0	0	6	3	17	12	7	10	16	0	0	0	0	38	43	14	20	1	2	0	0	0	7	37	40	25	20	6	0	0	0	3	16	3	35	9	4	8	0	0	0	0	5	8	57	13	7	8	0
"86"	0	0	0	3	16	25	18	19	0	0	0	0	0	0	10	30	42	5	0	0	0	0	0	9	19	41	22	13	4	0	0	0	2	12	40	19	28	0	0	3	0	0	5	8	23	16	25	33	9	1
"87"	0	0	5	43	25	17	19	11	0	5	0	0	9	16	14	20	21	19	2	0	0	0	4	7	10	24	22	1	1	0	0	0	6	13	11	23	21	1	0	0	0	0	6	20	20	46	9	13	16	0
"88"	0	0	2	11	16	25	1	2	2	0	0	1	11	0	22	21	26	3	2	0	0	8	10	6	12	28	19	2	2	3	4	1	5	11	16	16	10	10	1	0	0	8	4	19	21	19	23	1	1	0
"89"	0	6	1	17	30	0	18	2	3	0	2	20	16	7	15	13	6	1	0	0	6	4	8	36	38	33	4	1	4	0	1	15	17	24	18	7	12	5	1	0	0	15	14	21	17	18	10	1	0	0
"90"	2	8	7	27	31	4	1	3	0	0	2	6	19	11	8	20	8	0	0	4	15	14	1	34	13	8	2	0	0	0	0	9	29	35	6	17	1	11	0	0	1	26	10	44	42	12	8	1	0	0
"91"	0	0	13	22	12	30	3	1	0	0	1	3	8	17	14	31	1	0	2	2	0	0	9	15	20	6	4	3	0	0	0	3	20	20	6	39	23	3	5	0	0	7	10	14	32	14	18	21	0	0
"92"	0	1	9	9	17	10	24	22	9	1	0	0	13	1	19	27	32	3	22	7	0	0	23	7	23	21	19	5	1	0	0	0	5	14	8	12	10	8	3	1	1	0	0	16	20	14	18	17	3	7
"93"	0	0	8	6	5	9	38	25	23	0	0	0	2	0	8	8	9	23	4	11	0	0	0	10	24	23	11	29	7	6	0	2	6	0	0	3	31	23	15	6	0	0	6	6	8	9	27	19	31	19
"94"	0	0	4	2	2	0	17	22	24	3	0	0	3	3	12	4	34	20	27	13	0	0	0	0	3	14	15	28	32	7	0	0	0	8	3	11	28	26	17	5	0	0	0	1	0	9	14	24	20	13
"95"	0	0	0	12	3	11	15	22	7	3	1	2	8	18	31	18	27	14	16	1	0	0	0	4	16	14	41	11	3	0	0	0	5	13	19	17	22	10	2	12	0	0	10	1	9	38	2	12	9	11
"96"	0	8	5	7	19	23	8	0	7	0	1	7	9	46	16	14	11	0	2	0	1	0	0	8	17	9	19	1	4	0	2	0	8	17	17	31	0	5	0	0	0	4	43	21	36	21	12	3	0	1
"97"	0	3	0	19	14	20	25	0	3	3	0	0	0	16	28	13	3	10	4	1	0	0	1	5	30	8	22	8	0	0	0	0	9	13	14	30	22	9	3	0	0	0	0	5	23	39	8	8	0	0
"98"	0	0	5	16	18	8	18	4	0	0	0	1	5	6	22	37	14	6	0	0	0	3	0	14	44	12	8	6	0	0	0	0	12	6	33	19	7	4	7	0	0	0	5	23	37	32	13	11	0	3
"99"	0	6	1	21	28	5	3	5	0	0	1	11	2	13	6	27	17	3	0	0	0	3	16	20	30	35	19	11	0	2	4	6	6	38	17	22	0	4	1	0	0	10	11	12	19	21	15	4	1	0
"100"	0	5	19	23	7	8	5	2	3	0	0	13	39	16	8	13	1	0	0	0	3	15	23	27	14	5	1	10	0	0	2	17	38	32	4	22	5	0	0	0	3	10	16	33	34	16	2	0	6	0
"101"	15	22	6	2	11	0	22	0	0	0	1	41	48	9	2	7	0	0	0	0	2	19	22	42	6	2	4	0	0	0	7	29	51	15	4	2	1	0	3	0	6	28	28	9	24	10	0	0	0	0
"102"	15	4	20	12	3	8	13	2	3	0	1	16	36	11	24	17	7	5	0	0	3	6	3	20	12	2	11	9	0	0	2	20	11	14	31	12	11	3	9	0	4	22	10	20	23	15	8	0	0	0
"103"	0	14	1	0	6	25	10	19	5	6	6	3	7	0	10	16	27	8	5	0	0	10	3	8	9	20	23	26	5	0	0	1	0	9	15	19	27	14	22	3	2	0	6	12	14	39	8	35	2	0
"104"	0	0	0	0	5	10	25	31	6	9	3	0	6	3	13	30	10	3	11	3	0	0	0	0	26	7	33	40	10	0	0	0	16	0	4	3	42	25	10	1	0	1	0	2	12	7	23	12	6	11
"105"	0	1	0	0	22	2	28	25	7	5	0	0	0	0	2	6	10	33	6	12	0	0	0	1	17	4	16	20	17	14	0	0	0	0	5	11	49	28	22	9	0	0	0	4	1	12	20	27	31	8
"106"	0	0	0	0	0	7	19	20	27	21	0	0	0	0	1	1	28	19	32	31	0	0	0	2	8	1	5	24	20	8	0	0	0	4	7	6	12	14	15	26	0	0	0	0	6	14	19	27	46	30
"107"	0	0	1	1	21	24	5	4	5	5	0	2	3	14	11	14	34	7	13	3	0	0	0	19	3	10	25	11	9	0	2	0	3	3	23	27	22	19	19	4	0	0	6	2	13	16	15	7	35	13
"108"	0	2	14	8	28	24	7	4	1	0	0	9	1	6	46	40	17	2	9	1	1	1	0	17	6	50	6	3	5	0	6	3	1	14	18	24	1	1	6	3	0	0	4	24	36	22	15	6	3	4
"109"	0	3	0	21	9	43	18	0	0	0	0	0	0	1	39	40	2	6	0	0	0	0	0	3	45	9	14	7	0	4	0	2	0	7	22	41	5	6	0	0	0	1	2	20	44	50	2	2	1	0
"110"	0	0	11	37	17	16	13	0	1	0	0	3	1	6	10	37	17	0	0	0	2	0	0	9	14	20	17	1	2	0	0	2	9	33	61	17	6	1	0	8	1	3	8	21	21	56	11	2	0	0
"111"	3	8	12	18	17	11	13	0	0	0	1	5	21	36	15	18	9	2	0	0	1	1	6	10	26	16	9	0	0	0	1	4	18	15	27	19	11	0	0	0	0	10	29	37	41	28	2	0	0	0
"112"	18	25	16	19	3	13	5	0	0	0	5	17	18	28	3	0	0	0	0	0	11	28	25	26	14	2	1	0	2	0	10	8	26	19	11	5	6	4	0	0	4	27	30	37	7	14	0	0	0	0
"113"	10	46	11	17	7	0	0	0	0	0	18	16	18	22	2	9	0	0	0	0	10	34	49	15	9	1	1	0	0	0	13	18	46	24	4	1	3	0	0	0	5	41	16	21	3	1	0	1	0	2
"114"	4	11	23	12	11	26	0	5	1	0	2	1	15	21	25	44	10	1	0	0	3	8	4	34	18	18	16	9	3	1	3	4	18	21	7	6	7	0	10	0	1	18	3	24	7	30	6	9	0	0
"115"	0	1	2	4	14	20	15	11	5	5	0	2	1	2	3	44	23	6	3	4	0	0	3	0	12	44	29	29	8	3	0	0	2	2	9	17	33	16	9	5	0	0	4	4	14	13	25	27	27	0
"116"	0	0	0	3	10	11	13	10	23	10	0	0	0	0	0	9	26	21	10	15	0	0	0	0	4	7	26	51	13	0	0	0	0	0	4	9	11	17	11	1	0	0	0	0	4	16	7	68	31	1
"117"	0	0	0	1	6	9	15	33	24	3	0	0	0	0	0	4	19	13	14	12	0	0	0	0	7	11	22	39	15	3	0	0	0	0	6	6	30	23	25	7	0	0	0	0	15	11	46	21	23	6
"118"	0	0	0	0	8	21	3	22	20	5	0	0	0	4	1	3	17	15	24	19	0	0	0	1	6	24	21	22	9	16	0	0	0	1	0	33	16	27	7	26	0	0	0	0	2	16	34	12	53	12
"119"	0	0	1	2	17	27	11	18	10	6	0	0	2	17	4	4	22	11	8	3	0	1	0	12	2	7	43	8	12	0	0	0	0	0	13	39	48	8	20	3	0	0	5	4	13	28	12	53	5	1
"120"	0	1	5	0	10	31	10	15	2	1	0	0	0	5	29	23	47	9	3	17	5	0	0	16	4	35	26	9	2	0	0	0	0	3	29	16	19	12	3	0	0	0	9	0	4	18	24	13	5	0
"121"	0	7	0	2	17	42	24	0	0	3	0	0	3	13	12	30	11	3	0	0	0	0	0	10	26	39	23	3	0	1	0	0	0	7	17	44	6	1	0	0	0	4	3	4	13	43	13	3	0	0
"122"	0	0	0	2	10	22	21	14	0	0	0	0	4	19	1	19	6	6	0	0	0	0	0	8	19	14	37	5	0	1	0	0	11	19	26	38	11	3	0	6	0	0	2	7	25	96	31	5	0	0
"123"	0	2	8	10	9	19	17	10	0	0	2	1	5	26	32	15	13	2	0	0	0	2	1	16	5	14	8	0	0	0	1	4	6	11	36	22	16	0	0	0	0	5	19	29	35	44	8	15	0	4
"124"	0	27	25	15	28	3	0	0	0	0	8	9	17	11	0	1	0	0	0	0	12	42	18	28	7	0	0	0	0	0	2	39	12	37	14	0	2	0	1	0	4	45	12	35	16	7	4	0	0	8
"125"	0	21	13	39	9	0	0	0	0	0	15	11	15	16	7	10	0	0	0	0	16	13	35	23	4	3	2	1	0	0	2	24	10	27	3	4	0	1	0	0	2	17	12	44	21	5	0	0	0	0
"126"	13	3	16	12	16	3	5	2	0	2	13	6	10	55	1	5	14	5	0	0	0	2	13	25	15	25	1	1	6	0	1	5	21	51	5	11	0	3	0	1	8	0	35	36	12	12	16	1	2	0
"127"	0	0	0	2	20	1	18	28	10	4	0	0	0	1	10	23	27	12	5	5	0	0	2	7	14	10	14	12	4	14	0	0	0	6	9	20	7	48	17	19	0	0	1	6	22	37	20	1	20	1
"128"	0	0	2	4	0	5	8	19	12	14	0	0	0	0	1	13	22	17	24	26	0	0	0	0	10	5	41	25	32	3	0	0	0	0	0	4	6	17	22	25	0	0	0	0	10	0	10	25	66	15
"129"	0	0	4	0	1	2	3	13	30	14	0	0	0	0	0	1	12	12	9	14	0	0	0	0	7	4	8	30	48	7	0	0	0	0	0	0	13	44	17	10	0	0	0	0	1	3	16	26	66	10
"130"	0	0	0	1	1	8	17	27	17	0	0	0	1	0	2	4	18	30	15	11	0	0	1	2	1	25	21	60	24	2	0	0	0	0	18	0	16	16	34	14	0	0	0	0	4	3	27	32	31	3
"131"	0	0	5	9	3	8	14	6	9	0	0	0	0	0	9	3	38	19	7	1	0	0	0	0	2	43	33	30	1	2	0	4	1	0	25	13	41	36	8	2	0	0	0	1	12	13	23	36	14	3
"132"	6	0	15	5	5	20	27	11	2	16	0	15	5	17	5	19	18	20	2	5	3	1	0	29	2	46	10	13	5	3	0	0	0	0	13	6	23	16	10	0	3	0	4	0	25	6	42	25	0	2
"133"	0	0	0	0	15	34	20	5	0	0	0	7	0	10	20	46	15	1	5	0	0	0	1	13	15	28	40	9	2	0	0	0	2	5	20	23	37	5	0	2	0	0	0	1	16	74	4	0	0	0
"134"	0	0	1	0	13	30	20	7	0	0	0	1	0	7	8	42	32	4	4	0	5	0	1	12	26	21	29	10	2	0	0	4	0	3	41	44	20	8	3	0	0	2	0	7	14	61	4	11	3	0
"135"	1	23	5	4	3	10	6	2	1	0	6	8	24	1	12	34	4	0	0	0	0	14	12	43	12	23	7	5	0	0	1	11	7	25	47	26	2	4	0	0	10	32	13	8	15	20	3	0	0	0
"136"	13	37	16	20	13	3	0	0	0	0	7	13	25	14	3	3	3	0	0	0	9	23	27	13	8	4	8	0	0	0	0	38	14	17	13	0	0	0	0	0	1	39	41	9	15	0	0	2	0	0
"137"	7	15	12	35	15	7	0	0	0	0	4	8	24	20	7	3	14	5	2	0	2	9	11	16	18	20	5	0	0	0	3	10	4	37	6	6	3	3	0	0	2	21	12	20	11	11	12	7	1	0
"138"	0	3	2	3	12	8	14	11	4	1	1	5	11	15	6	18	11	2	5	0	4	10	1	13	39	18	3	7	0	5	0	0	7	13	29	40	5	5	5	8	4	3	28	19	33	40	5	9	11	4
"139"	0	0	9	5	6	18	21	5	16	5	0	1	0	9	0	25	15	17	1	7	0	3	6	10	14	15	13	7	10	3	0	0	0	13	5	26	26	46	8	14	0	2	2	5	27	44	11	11	11	2
"140"	0	0	1	0	8	6	17	32	11	29	0	0	0	0	0	7	7	25	19	14	0	0	4	0	3	8	9	22	43	3	0	0	0	3	0	0	8	44	55	25	0	0	0	0	1	4	22	7	40	11
"141"	0	0	0	0	6	13	13	26	15	5	0	0	0	0	0	0	10	45	11	8	0	0	0	0	2	1	12	49	36	6	0	0	0	1	0	0	29	34	29	31	0	0	0	0	0	3	4	47	36	9
"142"	0	0	0	0	2	13	3	22	16	6	0	3	0	0	0	17	30	24	6	5	0	0	0	1	0	9	25	42	57	1	0	0	0	0	0	12	6	18	28	11	0	0	0	0	2	4	15	37	13	4
"143"	0	0	3	1	21	25	24	6	19	0	0	3	28	4	0	10	22	14	4	6	0	0	0	3	28	39	40	11	7	0	0	1	5	0	3	3	57	16	4	11	0	0	1	0	2	9	8	31	10	4
"144"	3	0	3	11	15	14	4	1	0	0	0	14	5	31	3	12	19	2	8	0	10	0	12	23	30	32	12	2	1	0	2	0	7	0	9	6	32	0	0	0	8	0	9	1	22	7	3	22	8	0
