	PlaPol	CarMin	CarTri	VerPyg	VerSub	VerAnt	VerAng	VerMou	VerPus	ColEde	CocLub	CocLul	PupMus	PupPra	AcaAcu	ValCos	ValPul	TruCyl	PunPyg	AliBip	MacTum	MacVen	VesTur	SucPut	SucObl	OxyEle	AegPur	AegMin	PerHam	OxyCel	OxyGla	VitCon	VitCry	VitDia	CecAci	SemSem	VitPel	EucFul	EucAld	ZonNit	DauBre	DauRuf	AriSil	AriSub	DerAgr	DerLae	DerPra	PliLub	PetUni	PerBid	TriHis	MonInc	MonVic	EuoStr	AriArb	CepHor	CepVin
Baladi	0	384	13	146	0	123	131	0	0	2	2	0	0	0	8	0	19	0	29	2	0	0	0	0	171	0	31	0	0	0	0	0	0	0	0	0	0	7	0	0	2	0	0	0	0	0	0	6	0	0	0	15	0	0	1	0	2
Bukovec	0	12	3	0	3	0	0	0	0	0	7	0	0	0	0	0	0	0	0	0	0	0	0	18	0	0	0	0	6	0	0	0	0	0	0	0	1	0	0	0	0	0	0	0	0	1	0	0	0	0	0	1	0	0	0	0	0
Cudrak	0	4	11	0	8	0	0	0	0	0	1	0	0	0	0	0	3	0	1	0	0	0	0	0	0	0	0	0	9	0	0	0	0	0	0	0	0	9	0	0	0	0	0	1	2	0	0	0	0	0	0	0	0	0	0	0	0
Dubcova	0	42	10	3	11	4	11	0	0	0	12	0	0	0	0	0	6	0	4	0	0	0	0	0	0	0	2	0	21	0	0	0	0	0	0	0	2	2	0	0	0	0	0	1	0	0	0	0	0	0	0	0	0	0	0	0	0
Grigovci	0	3	7	8	6	3	0	0	0	0	16	0	0	0	0	0	5	0	2	0	0	0	0	26	0	0	1	0	20	0	0	0	0	0	0	0	2	4	0	0	0	0	0	0	0	0	0	0	0	0	0	0	0	0	0	0	0
Grun	0	138	123	37	0	87	77	31	0	0	36	0	0	0	0	9	10	5	99	0	0	0	0	0	0	9	10	0	0	1	0	6	0	0	0	0	0	31	0	15	3	0	0	0	0	0	0	0	0	0	58	4	0	0	0	0	0
HLplos	0	0	0	0	0	0	0	0	0	0	0	0	0	0	0	0	0	0	0	0	0	0	0	4	0	0	0	0	2	0	0	0	1	0	0	0	0	0	0	0	0	0	0	0	0	0	0	0	0	0	0	0	0	0	0	0	0
HLrosn	0	0	0	0	1	0	0	0	0	0	0	0	0	0	0	0	0	0	0	0	0	0	0	4	0	0	0	0	3	0	0	0	0	0	0	0	0	0	0	0	0	0	0	0	0	0	0	0	0	0	0	0	0	0	0	0	0
Hrncarky	0	136	8	27	0	6	7	0	1	0	1	0	0	0	1	0	4	1	27	0	0	0	0	2	0	5	0	1	0	0	0	0	1	5	0	0	0	4	0	0	0	1	0	0	0	0	0	3	0	0	0	5	2	2	0	0	3
HrubBrod	0	4	35	1	3	12	0	0	0	0	8	0	0	0	0	0	6	0	2	0	0	0	0	18	0	0	0	0	18	0	0	0	0	2	0	0	1	7	0	0	0	0	0	0	0	0	0	0	0	0	0	0	0	0	0	0	0
HuteDol	0	486	489	5	65	73	0	32	0	25	38	0	0	0	0	13	24	0	96	0	42	0	0	0	1	0	30	1	15	0	2	23	0	14	0	0	0	49	0	0	11	8	0	0	0	0	3	7	0	0	0	4	0	0	0	0	0
ChmelLou	0	16	0	0	0	4	0	0	0	0	1	0	0	0	0	0	5	0	0	0	0	0	0	7	1	0	0	0	0	0	0	0	0	0	0	0	0	0	0	5	0	0	0	0	0	0	0	0	0	0	0	0	0	0	6	0	0
ChmelStu	0	55	1	6	1	1	2	0	0	0	10	0	0	0	0	8	38	0	3	0	0	0	0	1	2	0	0	0	0	0	0	0	0	0	0	0	1	2	0	1	0	0	0	0	0	0	0	0	0	0	0	0	0	0	1	0	0
Chmura	5	12	59	0	31	1	0	0	0	0	0	54	0	0	0	0	21	0	4	0	0	0	0	3	0	0	0	0	12	0	0	0	0	2	0	0	0	3	0	0	3	3	0	0	1	0	0	0	0	0	0	2	0	0	0	0	0
Jasenka	0	86	21	187	53	53	127	0	0	0	116	0	0	0	1	0	12	0	42	0	0	0	0	7	0	42	0	1	83	0	2	0	0	0	0	0	2	52	0	0	12	7	0	0	0	0	0	0	0	0	0	8	0	0	0	0	0
Javoruvk	1	17	44	2	0	0	2	0	0	0	4	1	0	0	0	4	5	0	1	10	0	34	35	4	0	0	6	0	1	0	0	8	0	0	0	0	1	1	0	0	3	3	2	0	0	0	3	26	20	9	0	4	0	0	0	0	0
Kalabova	0	57	44	52	50	24	43	0	3	3	3	0	0	0	15	4	18	3	52	0	0	0	0	0	5	1	5	5	0	0	0	5	0	9	0	0	0	28	0	0	8	7	0	0	0	3	0	2	0	0	0	1	0	0	0	0	0
Klubina	0	12	0	2	2	0	0	0	0	0	4	0	0	0	0	0	18	0	0	0	0	0	0	1	0	0	0	0	6	0	0	0	0	0	0	0	0	8	0	0	0	0	0	0	0	1	0	0	0	0	0	0	0	0	0	0	0
Kralovec	2	64	14	27	7	16	29	0	2	0	5	0	0	0	0	2	12	0	19	2	0	0	0	1	0	0	1	0	2	0	0	1	5	1	0	0	2	9	0	0	1	0	0	0	0	0	0	4	0	0	0	1	0	0	0	0	0
Krocil	0	62	0	19	11	25	0	16	0	0	64	0	0	0	0	0	14	0	4	0	0	0	0	0	20	0	0	0	19	0	0	0	0	0	0	0	2	0	0	0	0	0	0	0	0	0	0	2	0	0	0	0	0	0	0	0	0
Lany	0	6	0	1	0	33	0	0	0	0	5	0	0	0	0	0	5	0	0	0	0	0	0	1	0	9	0	0	0	0	0	0	0	0	0	0	0	0	5	2	0	0	0	0	0	0	0	0	0	0	0	0	0	0	0	0	0
Machala	0	92	0	30	0	38	0	0	0	4	61	0	0	0	0	1	8	0	13	0	0	0	0	0	55	0	0	0	22	0	0	0	0	0	0	0	0	2	0	0	0	0	0	0	0	0	0	11	0	0	0	0	0	0	0	0	0
Machova	11	90	34	18	1	1	100	0	0	0	10	0	0	0	17	0	3	0	54	0	0	0	0	0	24	0	31	0	0	0	1	7	1	0	0	0	3	39	0	0	4	0	0	0	0	0	0	2	0	0	0	0	0	1	0	1	1
Mechnac	0	72	2	15	12	41	0	0	0	0	61	0	0	0	0	1	0	0	8	0	0	0	0	19	0	0	0	0	3	0	0	1	0	0	0	0	0	13	0	0	0	0	0	0	0	0	0	0	0	0	0	2	0	0	0	0	0
Milonov	5	0	108	2	7	0	0	0	0	1	10	0	0	0	0	0	1	0	13	0	0	0	0	0	0	0	3	0	2	0	0	0	0	0	0	0	8	26	0	0	1	1	0	0	0	0	0	0	0	0	0	3	0	0	1	0	0
NizKel	0	0	188	93	11	27	0	0	0	20	74	0	0	0	0	0	0	0	36	0	0	0	0	4	0	0	0	0	43	0	0	0	0	0	0	2	5	48	0	0	1	0	0	0	0	0	0	0	0	0	0	1	0	0	0	0	0
Obidova	0	0	2	0	2	0	0	0	0	0	0	0	0	0	0	0	0	0	0	0	0	0	0	4	0	0	0	0	3	0	0	0	0	0	0	0	0	0	0	0	0	0	0	0	0	0	0	0	0	0	0	0	0	0	0	0	0
Pisojov	0	2	13	6	0	3	0	0	0	0	16	0	0	0	0	0	0	0	0	0	0	0	0	8	0	0	0	0	19	0	0	0	0	0	0	0	0	0	0	0	0	0	0	0	0	0	0	0	0	0	0	0	0	0	0	0	0
PivoLou	0	24	0	2	3	5	0	0	0	0	3	0	0	0	0	0	0	0	0	0	0	0	0	12	0	0	0	0	0	0	0	0	0	0	0	0	1	0	0	4	0	0	0	0	0	0	0	0	0	0	0	0	0	0	0	0	0
Pivovari	0	25	4	2	3	29	0	0	0	16	25	0	0	0	0	0	2	0	3	0	2	0	0	120	0	0	1	0	2	0	0	0	0	0	0	0	0	11	0	0	0	3	0	0	0	0	0	0	0	0	0	1	0	0	0	0	0
Rajnoch	0	8	0	0	1	9	0	0	0	0	0	0	0	0	0	0	0	0	0	0	0	0	0	1	0	0	0	0	2	0	0	0	0	0	0	0	0	1	0	2	0	0	0	0	0	0	0	0	0	0	0	0	0	0	0	0	0
Semetin	0	127	62	25	33	53	157	0	0	5	122	0	0	0	0	4	11	0	35	0	0	0	0	69	0	0	0	0	129	0	0	0	0	0	0	0	8	107	0	0	0	0	0	0	0	0	0	17	0	12	0	4	0	0	0	0	0
Skanzen	0	1	10	4	2	6	0	0	0	2	24	0	0	0	0	0	3	0	0	0	0	0	0	4	0	0	0	0	26	0	0	0	3	0	0	0	0	2	0	0	0	0	0	0	0	0	0	0	0	0	0	0	0	0	0	0	0
Solan	0	0	85	0	16	0	0	0	0	9	46	0	0	0	0	0	1	0	2	0	0	0	0	0	0	0	31	0	4	0	0	0	0	0	0	0	2	7	0	0	0	1	0	0	0	0	0	0	0	0	0	4	0	0	0	0	0
Spanie	0	232	211	28	24	39	81	37	0	0	102	1	1	0	0	43	53	0	75	0	0	0	0	0	0	15	18	3	0	0	0	0	4	0	1	0	2	67	0	0	6	0	0	0	0	0	0	0	0	0	94	0	0	1	0	0	0
StudVrch	0	230	2	92	0	74	82	30	0	0	5	2	2	0	0	4	6	1	39	0	0	0	0	0	14	0	0	0	8	0	0	1	0	0	0	0	0	1	0	0	0	0	0	0	0	0	0	1	0	0	0	1	0	0	0	0	2
Tlsta	1	51	12	66	1	25	0	9	0	0	42	0	0	0	0	16	38	0	9	0	0	0	0	0	1	28	0	0	0	0	2	0	0	0	0	0	0	23	0	0	0	2	0	0	0	0	0	1	0	0	0	1	0	0	0	0	0
Trubiska	0	360	12	1	109	9	371	0	0	8	14	0	0	8	4	0	2	0	3	0	12	0	0	9	6	51	6	0	43	2	0	0	35	0	0	0	8	34	0	107	2	0	0	0	0	0	0	0	0	9	0	2	1	0	4	0	0
U Pavliku	0	12	11	2	8	0	0	0	0	0	11	0	0	0	0	0	1	0	2	0	0	0	0	4	0	10	2	0	5	0	0	0	0	0	0	0	0	1	0	0	0	1	0	0	0	0	0	0	0	1	0	3	0	0	0	0	0
ValKlob	0	624	0	33	87	45	65	0	0	10	42	0	0	0	0	0	4	0	19	0	0	5	22	53	6	0	3	0	34	0	0	0	23	0	0	0	0	124	0	216	0	0	0	0	0	0	0	0	0	70	0	1	4	0	0	0	0
Vlarsky	4	57	43	42	3	34	0	0	0	3	40	0	0	0	0	12	29	0	19	0	0	0	0	35	0	0	6	0	40	0	0	0	0	0	0	0	0	25	0	12	0	0	0	0	0	0	0	2	2	0	0	2	3	0	0	0	0
VresStra	0	0	0	0	1	1	0	0	0	0	0	0	0	0	0	0	0	0	0	0	0	0	0	1	0	0	0	0	1	0	0	0	0	0	0	0	0	0	0	0	0	0	0	0	0	0	0	0	0	0	0	0	0	0	0	0	0
VrchPre	0	0	0	0	1	0	0	0	0	0	0	0	0	0	0	0	0	0	0	0	0	0	0	10	0	0	0	0	2	0	0	0	0	0	0	0	0	2	0	0	0	0	0	0	1	0	0	0	0	0	0	0	0	0	0	0	0
