	Adinform	Alnipter	Ardiquin	Ardisieb	Astrferr	Beileryt	Beiltsan	Bridbala	Cameheng	Castcarl	Caststel	Cinnrigi	Cleyjapo	Crypchin	Cyclcham	Cycllong	Cyclpach	Daphglau	Decagrac	Dioseria	Elaesylv	Engeroxb	Euryhaya	Euryjapo	Evodmeli	Evodmerr	Ficufist	Garcmult	Glocrubr	Gloczeyl	Gordaxil	Heliform	Ilexcoch	Ilexmats	Ilexrotu	Ilextrif	Ilexurai	Illiarbo	Lithamyg	Litsacut	Machobov	Machthun	Machzuih	Magnkach	Mallpani	Melisqui	Michcomp	Micrjapo	Myrssequ	Neolbuis	Neolhiir	Osmamarg	Pasabrev	Pasaform	Pithluci	Podophil	Prunphae	Sapidisc	Sauroldh	Scheocto	Schisupe	Sloaform	Sympglom	Sympshil	Symptheo	Syzybuxi	Syzyeuph	Terngymn	Tricdubi	Wendform	Antihiir	Ardicorn	Callremo	Callremo.1	Clercyrt	Euonacut	Lasicyan	Lasiobli	Melacand	Psycrubr	Rhapindi	Rhodsims	Taregrac	Wikstaiw
1	0	0	0	0	0	0	2.400000095	0	0	12.89999962	1.399999976	0	0	0	0	1	0	3.700000048	3.799999952	0.600000024	2.099999905	1.399999976	0.600000024	0	0	0	0	0.899999976	0	0	0	0	2.5	0	0	0.100000001	5.099999905	15.19999981	0	1.799999952	0	1.399999976	0	0.600000024	0	0	2.700000048	2.900000095	0	0	0.600000024	8.199999809	2.900000095	0	0	0	0	0	0	0	1.700000048	0	1.700000048	0	0.600000024	0	6.900000095	0	2.5	0	1.200000048	0	0	0	0	0	0	0	0	0.600000024	0	0	0	0
2	2.400000095	0	1.5	0	0	0	5.400000095	0	0	2.799999952	0.400000006	0	0	0	0	10.80000019	6.199999809	4.099999905	2.900000095	1.100000024	0	0.400000006	2.400000095	0	0	0	0	0.5	0	0	0	0	3.099999905	0.5	0	5.5	0.5	12.89999962	0.800000012	0.400000006	0	0	0	3.799999952	0	1.600000024	0	0.800000012	0	0	0.899999976	2.700000048	0.400000006	0	0	0.699999988	0.400000006	0	0	0.899999976	0	0.400000006	0.200000003	0	1.700000048	2.299999952	0.400000006	2.299999952	0.800000012	0	1.5	0	0	0	0	0.400000006	0.400000006	0.400000006	0	6.099999905	0	0	0.400000006	0
5	3.900000095	0	0.699999988	0	0	0	0.800000012	0	2.200000048	10.80000019	0.5	0.5	0	0	0	9.100000381	0	0	0	0	0.400000006	0	0.600000024	0	0	0	0	0.600000024	0	0	1.899999976	0.400000006	3.5	6.800000191	0	0	0.400000006	9.600000381	0	0.400000006	0.400000006	2.200000048	0	0.5	0.400000006	0	0.400000006	2.099999905	0.400000006	0.699999988	0.400000006	9.800000191	0.5	0	0	4.300000191	0	5.800000191	0	1.5	0	0	0	0.400000006	1.700000048	1.799999952	0.400000006	0	1.399999976	0	2.5	0.699999988	0	1.100000024	0	1.100000024	0.400000006	0	0.400000006	5.900000095	0	0	0	0
7	0.200000003	0	0	0	1.5	0	0.899999976	0	0	10.10000038	0	0.5	0	0	20.20000076	0	0	0.200000003	0.300000012	0	0.300000012	0	0.300000012	0	0	0	0	3.299999952	0	0	0.699999988	0	2.5	1.600000024	0	0.300000012	0.300000012	8.699999809	0.699999988	0	0.400000006	0	0	1.100000024	0	0	0	5.5	2.599999905	0.300000012	0	1.399999976	0.5	0	0	1.799999952	0	0.400000006	0	0.600000024	1.299999952	0	1.200000048	0	0	5.400000095	0	0	0	0	4.800000191	1.200000048	0	0	0	0	0	0	0	0	8.800000191	0.699999988	0.300000012	0.300000012
14	0.899999976	0	0.100000001	0	0	0.100000001	0.699999988	0	0	0	2.700000048	0	0	0	0	0	0	5.699999809	0	1.100000024	0.300000012	0	0	0	0	2.099999905	0	0.100000001	0	2.900000095	0	1.399999976	0.200000003	0	0	0	1.600000024	0	0	2.700000048	0	2.099999905	0	0	0	0	0	0.100000001	0	0	0	0.100000001	0	0	17.10000038	0	2.099999905	0	0	1.100000024	0	0.100000001	0	0	2.400000095	0	0	0	0	0	0.100000001	0	0.100000001	0	0	0	0.100000001	0.100000001	0	14.10000038	0	0	0	0
15	0	0	0	1.799999952	1.799999952	1.899999976	1.799999952	0	0	10.60000038	1.899999976	0	0	0	0	6.099999905	1.799999952	12.10000038	0	5.800000191	0	0	0	0	0	0	0	0	0	0	0	1.799999952	1.799999952	0	0	0	0	0	0	0	0	1.799999952	0	0	0	0	0	0	0	0	2.5	0	0	0	0	0	1.899999976	7.699999809	0	3.5	0	2.299999952	0	0	0.200000003	0	0	0	2.099999905	4.300000191	0	0	0	0	0	0	0	0	0	1.799999952	0	0	0	0
17	2.599999905	0	0	0	1.899999976	0	0.899999976	0	0	11.10000038	1.100000024	0	0	0	0	14.10000038	0	5.599999905	0	4.699999809	0	0	0	3.200000048	0	0	0	0	2.099999905	0	0	0.899999976	8.600000381	1.5	0	0	0	0	0	0.400000006	0	2.200000048	0	0	0	0	0	0	0	0	1.899999976	0	1.600000024	0	8.800000191	0	0	0.800000012	0	0	0	0	0	0	1.899999976	0	0	0	1.899999976	0	0	0	0	0.899999976	0.800000012	0	0	0	1.799999952	0.800000012	0	0	0	0
32	6.199999809	0	0	0	0	0	7.800000191	0	0	10.69999981	1.299999952	0	0	0	0	0	2.599999905	8.300000191	1.799999952	0.699999988	0	2.099999905	5.099999905	0	0	0	0	0	1.600000024	0	0	0.699999988	7.099999905	3.599999905	0	0	3.299999952	2.5	5.599999905	1.5	0	0	0	3.200000048	0	0.899999976	0	0	0	0	0.699999988	0.600000024	0	0	0	0	0	6.400000095	0	1.899999976	0	0	0.600000024	0	2.900000095	0	0	0.899999976	0.200000003	0	4.099999905	0	0	0	0	0	0.600000024	0	0.600000024	1.299999952	0	0	0	0
33	1.399999976	0	0	0	0	2.200000048	1.399999976	0	0.699999988	1.899999976	0	0	0	0	0	0	0.699999988	0	0.800000012	0.699999988	0	0	0	0	0	0	0	0	0.800000012	0	6.699999809	0.699999988	8.399999619	0.100000001	0	3.599999905	4.900000095	14.69999981	0	4.199999809	0	0	0.699999988	4.099999905	0	0	0.699999988	0	0	0	0	6.199999809	0	0	0	1.299999952	0	0	0	0.699999988	0	0	0	1.299999952	3.400000095	0	2.400000095	0	0.699999988	0.699999988	0	0.699999988	0	0	0	1.399999976	0	0	0	4.099999905	0	0	0	0
36	0	0	0	0	0	0	0.400000006	0	4.599999905	11.80000019	0	0.600000024	5.099999905	0	0.300000012	0	0	2.400000095	0	0	1.5	0	6.5	0	0	0	0	0.899999976	0	0	1.899999976	0	1.899999976	6.699999809	0	2.299999952	0.300000012	8.800000191	0	0	0.300000012	0	0	0	0	0.699999988	0	2.400000095	0	0.800000012	0	5.099999905	0	0.300000012	0	1.799999952	0	0	0	0.600000024	0	0	0.899999976	0	0.300000012	15.5	0	0.600000024	0	0	1.799999952	0.5	0	0	0	0	0	0	0.300000012	0	9.899999619	1.299999952	0.300000012	0.300000012
38	0.300000012	0	0	0	1.299999952	0	0.300000012	0	1.200000048	13.5	0	0.300000012	0	0	3.599999905	0	0	4.300000191	0.800000012	0	0	0.300000012	9.5	0	0	0	0	1.5	0	0	0.100000001	0	1.899999976	6.300000191	0	0.600000024	1.399999976	9.800000191	3.700000048	0	0.300000012	0	0	0.5	0	0	0	3.400000095	3.700000048	0.300000012	0	1.700000048	0	0	0	3.900000095	0	0	0	0	1.799999952	0	2.799999952	0.800000012	1.100000024	7.800000191	0	0.100000001	0.300000012	0	0.300000012	0.300000012	0	0	0	0	0	0	0	0	7.800000191	0.699999988	0	0
41	0	0	0	0.899999976	1.799999952	0	2.799999952	0	0	0	1.899999976	0	0	2.099999905	0	3.5	2.900000095	3.799999952	2.5	2.900000095	0	0	0	0	0	0	1.399999976	0	0	0	0	1.899999976	6.599999905	0	0.899999976	0	1.299999952	0.100000001	0	0.899999976	0	12.19999981	0	1.299999952	0	0	0.899999976	0	0	0	0	0.899999976	0	0	0	0	0	8.899999619	0	26.79999924	1.600000024	0	0	0	0	0	3.099999905	0	0	0	0	0.899999976	0	0	0	1.799999952	0	0	0	1.799999952	0	0	0.899999976	0
43	0	0	3.299999952	0	0	0	0	0	0	0	4.300000191	0	0	0	0	0	0	0	0	3.799999952	0	0	0	0	0	1.200000048	0	0	0	7.400000095	0	0	0	0	0	0	0	0	0	6.5	0	0	0	0	6.199999809	0	0	0	0	0	0	0	3.299999952	0	38.90000153	0	0	0	0	10.89999962	0	0	0	0	0	0	0	0	0	0	0	0	0	0	0	0	0	0	0	3.299999952	0	0	0	0
46	1.100000024	0	2.900000095	0	0	0.200000003	1.399999976	0	0	20.10000038	0	0.100000001	0	1.5	0	0	0	0	0	1.100000024	9.399999619	0	0	0	0	0	0	0	0	0	0	0	8.800000191	4.599999905	0	0	2.599999905	1.200000048	0	0.400000006	0	5.400000095	3.099999905	0	0	0	0	0	0	0	1.200000048	0	0.200000003	0	6.900000095	0	0	0	0	4.900000095	0	0	1.899999976	0	2.599999905	0	3.299999952	0	0	0	0.100000001	0.200000003	0	0	0.100000001	0	0	0	0	3.099999905	0	0	0	0
48	0.899999976	0	4.5	0	0	7.300000191	4.900000095	0	0	0.800000012	0	0	0	0	0	12.60000038	0	9.300000191	0	0.300000012	0	0	0	0	0	0	0	0	0	0	0	0.800000012	15.80000019	0	0	0	0	0.800000012	0.100000001	2.599999905	0	0.899999976	0	1.700000048	0	0	0	0	0	0	3.400000095	0	0	0	0	1.700000048	0.899999976	0	0	0	0	6.599999905	0	0	0	1.100000024	7.300000191	0	0	0	1.799999952	0	1.700000048	0	0	0	0	0.800000012	0	7.5	0	0	0	0
61	14.69999981	0	0	0.699999988	0	0.400000006	1.799999952	0.699999988	0.699999988	1.899999976	0.400000006	0.699999988	0	0	0	6.5	1.799999952	0.699999988	0.300000012	1.399999976	0	0.699999988	0	0	0	0	0	0.699999988	0	0	0	0	6.800000191	0	0	0	6.699999809	8.699999809	3.900000095	5.900000095	0	0.699999988	0	1.299999952	0	0	0.699999988	0	0	0	3.200000048	2.599999905	0	0	0	0	0	5.800000191	0	1.399999976	0	0	0	0	0.699999988	0	0	0	0.699999988	0	0	0.699999988	0	0.699999988	0	0	0	0	0	3.5	0	0	0	0
62	0	0	0	0	0	0.800000012	6.400000095	0	0	27.20000076	1.399999976	0.899999976	0	0	0	0.800000012	0	6.5	0	0	0	2.099999905	0	0	0	0	0	1.100000024	0	0	0	0	12.10000038	0	0	0	4.900000095	4.199999809	0	6.699999809	0	2.700000048	0	0	0.699999988	0	0	0	0	0	0.699999988	0.699999988	0	0	0	0.699999988	0	1.899999976	0	1.700000048	1.100000024	3.5	0.699999988	0	0	0	0	0	0.699999988	0	0	1.399999976	0	0	0	0.699999988	0	0.699999988	0	0.699999988	0	0	0	0
65	0	0	0	0	0	0	0.200000003	0	1.5	3.599999905	0.300000012	0	4.800000191	0	1.600000024	0	0.899999976	0.899999976	0.699999988	0	0.400000006	0	7.599999905	0	0	0	0	1.5	0	0	4.699999809	0	1.600000024	5.300000191	0	8.5	0.899999976	8.699999809	0.600000024	0	0.800000012	0	0	0.200000003	0	0.200000003	0	3.299999952	0.899999976	2.799999952	0	8.399999619	0	0	0	2.799999952	0	0	0	0	0.200000003	0	1.200000048	0.300000012	0.300000012	13.30000019	0	0.300000012	0.600000024	0	0.800000012	1.200000048	0	0	0	0.400000006	0	0	0	0.600000024	3.200000048	0.400000006	0.200000003	0.300000012
67	0.400000006	0	0	0	0	0	0	0	0	29.29999924	0	0	0.300000012	0	1.200000048	0	0	6.599999905	0	0	0	0	10.5	0	0	0	0	0.5	0.200000003	0	2.400000095	0	0.800000012	6.199999809	0	3.599999905	0.200000003	1.899999976	1.700000048	0	0	0	0	0	0	0	0	0.5	0.200000003	0	0	1.100000024	0	0	0	0.200000003	0	0	0	0	2.200000048	0	0.300000012	0	0.300000012	7.400000095	0	1.899999976	0	0	0	0.200000003	0	0	0	0	0	0	0	0	8.399999619	0.300000012	0	0.200000003
71	3.099999905	13.19999981	0.800000012	0.800000012	13.30000019	0.899999976	2.299999952	0	0	3.200000048	12.5	0	0	0	0	0.100000001	0	2.599999905	1.100000024	0.800000012	0	1.899999976	2.900000095	0.899999976	0	0	0	2.099999905	0	0	0	3.799999952	0	0	0.899999976	0	0.899999976	0	0	0	0	0.899999976	1.700000048	1.399999976	0	0	0	0	0	0	3.099999905	1.700000048	0	0	0	0	0	0	0.800000012	5.699999809	0	0	0	0	4.099999905	0	3.700000048	0	0	4.400000095	0	0	0	0	0	1.799999952	0	0	0.800000012	0.899999976	0	0	0	0
73	0	0	0.899999976	0.100000001	0	3.400000095	0	0	0	0	0	0	0	0	0	0	0	1.600000024	0	0	0.100000001	0	0	0.899999976	0	0	4.5	0	0	0.899999976	0	9.5	6.400000095	0	0	0	1.899999976	1.100000024	0	3.799999952	0	2.200000048	0.899999976	0	0	0	3.900000095	2.799999952	0	0	0.899999976	0	28.29999924	0	1.799999952	0	5.199999809	0	0	3.900000095	0	0.100000001	0	0	0	0	2.799999952	0	0	0.899999976	0.899999976	0	1.899999976	0	0	0	0	0.899999976	0	0.5	0	0	0	0
75	0	0	0	1.899999976	0	0	0.5	0	0	1.100000024	4.5	1.5	0	0	0	3.599999905	0.800000012	4.300000191	0	0	0	0	0	0	0	0	0	0	0	1.100000024	0	0	10.39999962	0	0	0	0.600000024	2.599999905	0	5.400000095	0	5.900000095	0	1.200000048	0	0	0	0	0	0	1.100000024	0	0	0	7.599999905	0	2.700000048	3.799999952	0	1.899999976	0	0	0	0	0	0	0.899999976	0	0	0.5	3.599999905	0.5	0.5	0	0.5	0	0.5	0	0	7.5	0	0	0	0
77	0	0	0	0.699999988	1.899999976	0	1.5	0	0	8.399999619	2.799999952	0	0	0	0	5.5	0.800000012	0	1.700000048	0.699999988	0	2.200000048	0	0	0	0	0	0	0	0.699999988	0	0	5.099999905	0	0	0	3.200000048	0.800000012	0	4.5	0.600000024	0.100000001	0	13.39999962	0	0	0	0.600000024	0	0	3.299999952	1.200000048	6.199999809	0	0	0	1.200000048	5.599999905	0	5.900000095	2.799999952	1.299999952	0	0	1.600000024	0	1.299999952	0	0.600000024	0	1.899999976	0	0	0	0	0	0.600000024	0	0	9.600000381	0	0	0.600000024	0
91	0	0	0.699999988	0.899999976	0	2.200000048	1.5	0	0	0.699999988	0.800000012	0	0	0	0	2.400000095	0	10.60000038	1.299999952	5.5	9.199999809	0	0	0	0	0.699999988	0	0	2.200000048	0	0	1.5	8.800000191	0	0	0	3.700000048	5.5	0	7.400000095	0	3.700000048	0	0	0	0	0.699999988	0	0	0	0	5.300000191	0	0	0	5.099999905	0	0.200000003	1.799999952	0	0	0	0.899999976	0	0.800000012	0	0	0	0.699999988	0	1.600000024	0	0	0.699999988	0	0.100000001	0	0	0	7.5	0	0	0	0
93	0	0	0	0	0	0.400000006	0.400000006	0	0	4.400000095	0	0.300000012	0	0	0	15.69999981	0	0	2.599999905	1.600000024	0.5	0	0	0	0	0	0	0.800000012	0.699999988	0	2.299999952	0	5.199999809	4.699999809	0	0.800000012	7.900000095	18.60000038	0	0.5	0	0.400000006	0	0	0	0	0.400000006	0	0	0.400000006	1.899999976	3.200000048	0	0	0	0	0.400000006	0	0	0.899999976	0	0	2.799999952	0.899999976	4.099999905	0	1.799999952	0	0.600000024	0	1.200000048	0.400000006	0	0	0	0.400000006	0	0	0	2.400000095	0	0	0	0
96	0	0	0	0	0.600000024	0	0	0	2.599999905	2.5	0	0	0.300000012	0	0.300000012	0	0	6.599999905	0	0	0	0	6.699999809	0	0	0	0	1.600000024	0	0	3.400000095	0	1.200000048	9.5	0	4.800000191	1.100000024	11.69999981	0	0	0.200000003	0.300000012	0	0	0	0	0	4.800000191	3.5	2.099999905	0	10.19999981	0	0	0	0	0	0	0	0	0	0	1.799999952	0	0	7.099999905	0	1.700000048	0	0	1.399999976	0	0	0	0	0.400000006	0	0	0.300000012	0	7.300000191	1.200000048	0	0.300000012
98	0	0	0	0	4.300000191	0	0	0	0	0	0	0	0.300000012	0	23.89999962	0	0	2.900000095	0.200000003	0	0	0	14.39999962	0	0	0	0	1.799999952	0.300000012	0	2.700000048	0	0.200000003	5.599999905	0	0.400000006	1.299999952	6.300000191	0.699999988	0	0	0	0	0.400000006	0	0	0	3.5	0	0.899999976	0	1.600000024	0	0	0	0.200000003	0	0	0	0	0.300000012	0	0.699999988	0.300000012	0.5	7.699999809	0	1.799999952	0	0	0	0	0	0	0	0	0	0	0	0	15.69999981	0	0	0.699999988
102	0	0	0	0	0	0	0	0	0	0	0	0	0	0	0	0	0	3.599999905	0	0	0	0	0	2.5	0	21.79999924	0	0	0	0	0	0	5.400000095	0	0	0	2.299999952	0	0	2.200000048	0	0	0	0	0	0	0	0	0	0	0	0	0	0	4.099999905	0	1.799999952	0	1.799999952	16.20000076	0	0	0	0	0	0	0	0	0	27.60000038	0	0	0	0	0	0	0	0	8.600000381	0	0	0	0	0
104	2.200000048	22.29999924	1.100000024	0	5.5	2.5	0	0	0	0	0	0	0	1.100000024	1.299999952	0	0	1.200000048	0	5.800000191	0	0	1.100000024	0	0	0	5.599999905	0	0	0	0	0.800000012	2.200000048	0	2.900000095	0	1.100000024	0	0	3.799999952	0	1.5	0	0	0	0	0	0	0	0	0	0	0	0	2.200000048	0	2.5	0	0	1.100000024	0	0	0	0	0	0	1.100000024	0	0	1.100000024	2.200000048	0	2.200000048	0	0	1.100000024	0	0	0	3.700000048	0	0	0	0
106	0	0	3.400000095	0	9.199999809	0.699999988	0.699999988	0	0	2.200000048	11.30000019	0	0	0	0	9.600000381	0	2.700000048	0	0	0	0	0	0	0	0.800000012	0.800000012	0	0.699999988	0	0	0	11.5	0	0	0	1.5	0	0	5.099999905	0	0.699999988	0	0	0	0	0.699999988	0.899999976	0	0	2.099999905	0	0	0	0	0	0	0	1.299999952	15.60000038	0	2.400000095	0	0	0	0	0	0	0	1.600000024	0	0	1.299999952	0	0	0	1.299999952	0.699999988	0	0.899999976	0	0	0	0
108	0	0	0.5	0	0.5	2.799999952	2.5	0.600000024	1.100000024	26.70000076	0	0	0	0.5	0	0	0	3.900000095	0	1.100000024	3.099999905	0	0	0	0	0	0.5	2.400000095	0	0.699999988	0	0	8.699999809	2.099999905	0	0	1.399999976	8.100000381	0	2.200000048	0	0.100000001	0	0.600000024	0	0	0	0.5	0	0	2.599999905	5.599999905	0	0	0	0.5	0.5	0	0	0.5	0	0	0	1.899999976	1.600000024	0	1.700000048	0.600000024	5.199999809	0	0.100000001	0.5	0	0	0	0.5	0	0.5	0	4.5	0	0	0	0
121	0	0	0	0	0	6.199999809	4.099999905	0	0	0	0	0	0	0	0	0	0	7.5	3.400000095	0.899999976	2.299999952	0	0	0	0	0	0	0	0.200000003	0	0	1.100000024	14.60000038	0.899999976	0	0	4.400000095	8.5	3.400000095	2.400000095	0	0.600000024	0	1.100000024	0	0	3.200000048	0	0	0	0	0	0	0	0	0.899999976	0	4.300000191	0	12.69999981	0	0	0.600000024	0	3.099999905	0	0	0	0	0	0.600000024	0	0	0	0	0	0.5	0.5	0	1	0	0	0.5	0
122	1.600000024	0	1.600000024	0	0	0.600000024	0	0	0	32.79999924	0	0	0	0	0	0.200000003	0	0.200000003	0	1.5	0.5	0	0	0	0	0	0	0	0	0	0	0	8.199999809	0.5	0	0	4.5	9.600000381	0	1.600000024	0	0	0	0	1.5	0	0	0	0	0	0.5	0	0	0	0	0.5	0.5	0.5	0	0.5	0	0.5	0	0	7.5	0	0	0	0.5	0	0.100000001	0.100000001	0	0	0.100000001	0	0.5	0.5	0	16.5	0	0	0	0
125	0.200000003	0	0	0	0	0	0.200000003	0	2.599999905	2.400000095	0	0	1.200000048	0	17.60000038	0	0.400000006	3.400000095	0	0	0	0	9.899999619	0	0	0	0	0.200000003	0	0	0.5	0	0.5	6.699999809	0	4.300000191	0.5	5.400000095	0	0	0	0	0	0.200000003	0	0	0	8.199999809	1.600000024	2.900000095	0.200000003	0.400000006	0	0.200000003	0	0.800000012	0	0	0	0	0.400000006	0	0.100000001	0.100000001	0.600000024	6.699999809	0	0.699999988	0	0	0.5	0	0	0	0	0	0	0	0	0	13.30000019	0.800000012	0	0.899999976
127	0	0	0	0	7.300000191	0	1.100000024	0	0	1.200000048	0	0	0	0	0.800000012	0	0	0.800000012	3.099999905	0.699999988	10.10000038	0	2.200000048	0	0	0	0	0	1.5	0	0.600000024	0	3.900000095	0.600000024	0	3.5	1.299999952	12.89999962	1.399999976	0.800000012	0	0.800000012	0	0	1.299999952	0	0	2.599999905	0	0	0	1.399999976	0	0	0	0	0	0.300000012	0	0.699999988	2.099999905	0	0.100000001	0	3.099999905	0.699999988	0.600000024	0	0	0	0	0	0	0	0	0	0	0	0	2.099999905	12.60000038	0	0.699999988	0.699999988
131	0	0	1.299999952	0.600000024	3.200000048	0	0.699999988	0	0	0	0	0	0	0	0.600000024	0.600000024	0	5.5	0.699999988	0	7.900000095	0	0	0	0	0	0	0	0	0	0	3.099999905	4.400000095	0	0	0	5.400000095	1.399999976	4.900000095	0.600000024	0	0	0	0	1.799999952	0	0	0	0	0	1.799999952	0	0	0	0	0.600000024	0.600000024	0	0	0	0.800000012	0	0.600000024	0	5.599999905	0	0.600000024	0	0	2.5	1.299999952	0	2.599999905	0.600000024	3.799999952	0.600000024	0.600000024	1.299999952	15.39999962	1.299999952	0	0	0	0
133	0.899999976	0	2.400000095	1.600000024	0.899999976	3.5	0.800000012	0	0	0	1.600000024	0	0	1.100000024	0	1.700000048	0	2.5	1.600000024	0	0	0	0	1.899999976	0	2.400000095	4.800000191	0	0	0	0	3.900000095	0	0	0	0	0	0	0	1.600000024	0	1.600000024	0	0	0	0	0	0	0	0	0	0	0	0	4.900000095	0	0	0	0	25.29999924	0.200000003	0	0	0	0	0	1.700000048	0	0	3.599999905	0	0	0.800000012	0	0	0	0	0.800000012	0	8.5	0	0	0	0
134	6.300000191	3.900000095	1.299999952	0	2.099999905	0.699999988	12.10000038	0	0	1.299999952	0	0	0	0	0	0.600000024	9.600000381	2.900000095	0.600000024	0.800000012	0	0.699999988	0	0	1.100000024	0.200000003	0.600000024	0	0	0.600000024	0	1.899999976	5.5	0	0	0	2.099999905	0.699999988	0	0.899999976	0	0.699999988	0	0	0	0	0	0	0	0	0	0	0	0	2.799999952	0	1.299999952	13.69999981	0.600000024	6.400000095	0.600000024	0	0	0	1.299999952	0	1.299999952	0	0.800000012	1.700000048	0	0	0	1.299999952	0	0	1.299999952	1.299999952	0	6.5	0	0	0	0
135	0.300000012	0	0.200000003	1.100000024	1.399999976	10.60000038	0	0.5	0	17.60000038	0.699999988	0	0	0	0	1.600000024	0	4.699999809	0.5	2.400000095	0	2.700000048	0	1.200000048	0	1.100000024	0	1.5	0.5	0	0	0.5	7.400000095	0	0	0.5	4.199999809	0.600000024	0	0	2.5	0	0	3.5	0	0	0	0	0	0	0	0.100000001	0	0	0.200000003	0.600000024	5.300000191	0	0.5	4.900000095	0	0	0	0.600000024	0.5	0	1.399999976	0	0.5	1.799999952	0.200000003	0	0.5	0.100000001	0	0	0	0	0	3.799999952	0	0	0	0
137	0.300000012	0	2.099999905	0.800000012	0	0	3.900000095	1.5	0	14.10000038	0	0	0	0	0	3.5	0	1.600000024	0	2.400000095	0	0	0	0	0	0.699999988	0.699999988	2.200000048	0	0.699999988	0	1.399999976	9.300000191	0	0	0	2.900000095	0	0	1.399999976	0	1.299999952	0.699999988	0	0	0	0.699999988	0	0	0	2.599999905	1.399999976	0	0	0	1.5	0.699999988	0	0	15.39999962	0	0.699999988	0	0	0	0	6.5	4.5	1.399999976	2.400000095	0	0	0	0	0	0	1.399999976	0	0	6.400000095	0	0	0	0
