p10	vegtype	relev	aspect	slope	elev	convex	row	column
1	2	30	85	6.34	331	-0.27 	1	1
2	2	30	145	6.34	331	-0.02 	1	2
3	2	29	165	6.71	330	-0.14 	1	3
4	2	28	165	7.13	329	-0.51 	1	4
5	2	26	155	8.13	327	-0.47 	1	5
6	1	24	115	21.8	325	-0.70 	1	6
7	1	21	115	21.8	322	-1.14 	1	7
8	1	18	135	18.43	318	-0.63 	1	8
9	1	15	175	18.43	316	0.07 	1	9
10	2	10	175	26.57	312	0.75 	1	10
11	2	6	175	33.69	307	0.68 	1	11
12	4	2	175	33.69	303	-0.66 	1	12
13	4	0	85	8.75	301	-1.95 	1	13
14	3	4	5	26.57	304	-2.16 	1	14
15	3	8	5	26.57	309	-1.82 	1	15
16	3	12	5	33.69	313	-1.51 	1	16
17	3	14	25	33.69	315	-2.28 	1	17
18	3	16	25	33.69	317	-3.41 	1	18
19	3	18	25	26.57	319	-2.57 	1	19
20	3	20	25	21.8	321	-1.18 	1	20
21	2	20	85	21.8	321	-0.93 	1	21
22	2	18	85	21.8	319	-0.71 	1	22
23	2	14	115	26.57	315	-0.97 	1	23
24	3	10	105	21.8	310	-2.53 	1	24
25	3	8	25	26.57	309	-2.96 	1	25
26	3	6	75	33.69	308	-1.95 	1	26
27	3	3	85	21.8	306	-1.74 	1	27
28	4	0	15	9.46	305	-2.08 	1	28
29	2	2	45	15.95	306	-0.31 	1	29
30	2	2	75	14.04	308	0.40 	1	30
31	3	31	85	7.13	332	0.47 	2	1
32	2	30	135	7.13	331	0.17 	2	2
33	2	29	105	11.31	330	-0.21 	2	3
34	2	27	85	15.95	329	-0.41 	2	4
35	1	27	45	11.31	328	0.33 	2	5
36	1	26	115	14.04	327	1.55 	2	6
37	1	24	115	26.57	324	1.47 	2	7
38	1	19	125	26.57	320	0.62 	2	8
39	1	15	125	26.57	316	0.32 	2	9
40	2	10	125	33.69	311	0.39 	2	10
41	3	4	125	33.69	305	-1.09 	2	11
42	4	0	95	8.13	301	-3.03 	2	12
43	4	2	5	26.57	303	-1.69 	2	13
44	3	6	5	33.69	307	0.24 	2	14
45	3	11	5	26.57	312	0.05 	2	15
46	3	16	5	26.57	316	0.43 	2	16
47	3	19	5	26.57	320	1.09 	2	17
48	3	20	25	26.57	322	0.35 	2	18
49	3	23	25	26.57	324	0.16 	2	19
50	2	24	25	18.43	325	0.84 	2	20
51	2	22	85	18.43	324	0.92 	2	21
52	2	20	105	21.8	321	0.49 	2	22
53	2	16	115	26.57	316	-0.62 	2	23
54	3	8	95	18.43	313	-1.26 	2	24
55	3	10	25	18.43	314	0.14 	2	25
56	3	8	115	21.8	313	1.62 	2	26
57	2	2	115	21.8	309	0.10 	2	27
58	3	0	45	11.31	307	-1.96 	2	28
59	3	3	5	26.57	308	-0.50 	2	29
60	2	4	85	15.95	309	0.48 	2	30
61	3	30	85	6.34	333	0.39 	3	1
62	3	28	85	6.34	331	-0.14 	3	2
63	2	28	95	6.34	331	0.22 	3	3
64	1	28	99	6.34	331	0.71 	3	4
65	1	26	165	15.95	329	0.70 	3	5
66	1	24	165	15.95	327	1.16 	3	6
67	1	21	155	26.57	324	1.56 	3	7
68	1	17	155	26.57	320	1.01 	3	8
69	1	12	155	26.57	315	0.54 	3	9
70	2	7	155	45	310	-0.04 	3	10
71	4	2	145	21.8	305	-1.24 	3	11
72	4	0	75	11.31	303	-2.39 	3	12
73	4	4	15	33.69	305	-1.20 	3	13
74	3	9	15	26.57	310	0.73 	3	14
75	3	14	5	26.57	315	0.62 	3	15
76	3	18	5	33.69	320	0.83 	3	16
77	3	23	5	26.57	324	1.47 	3	17
78	3	26	25	26.57	327	1.28 	3	18
79	3	27	45	26.57	328	1.13 	3	19
80	2	27	65	15.95	328	1.14 	3	20
81	2	24	85	18.43	326	0.76 	3	21
82	2	22	95	26.57	323	0.11 	3	22
83	2	15	95	26.57	319	-0.72 	3	23
84	3	12	95	18.43	316	-0.03 	3	24
85	2	12	155	15.95	315	0.57 	3	25
86	3	5	175	26.57	312	-0.05 	3	26
87	3	2	115	12.53	309	-1.13 	3	27
88	2	2	95	12.53	308	-1.13 	3	28
89	3	3	75	10.3	309	0.13 	3	29
90	2	4	175	21.8	308	-0.72 	3	30
91	3	30	85	6.34	333	0.13 	4	1
92	2	30	85	8.75	333	-0.27 	4	2
93	2	29	85	9.46	332	0.17 	4	3
94	1	28	135	11.31	331	0.51 	4	4
95	1	25	145	18.43	328	0.26 	4	5
96	1	22	165	26.57	324	-0.13 	4	6
97	1	17	175	26.57	321	-0.22 	4	7
98	1	13	165	26.57	316	-1.07 	4	8
99	2	10	85	12.53	313	-1.57 	4	9
100	3	8	85	26.57	311	-1.45 	4	10
101	4	2	75	33.69	308	-1.38 	4	11
102	4	0	75	21.8	305	-1.89 	4	12
103	4	4	15	26.57	307	-1.52 	4	13
104	4	8	25	26.57	311	-0.19 	4	14
105	3	13	35	26.57	316	-0.12 	4	15
106	3	17	45	26.57	320	-0.17 	4	16
107	3	22	45	26.57	325	0.45 	4	17
108	2	26	35	18.43	329	1.38 	4	18
109	3	28	45	10.3	331	1.67 	4	19
110	2	28	85	14.04	330	1.05 	4	20
111	2	26	95	15.95	327	0.24 	4	21
112	2	19	85	14.04	326	0.32 	4	22
113	2	16	85	26.57	323	0.67 	4	23
114	2	12	105	26.57	319	0.92 	4	24
115	2	7	95	21.8	314	-0.45 	4	25
116	3	4	35	18.43	312	-1.36 	4	26
117	3	4	35	26.57	312	-0.25 	4	27
118	2	5	45	21.8	312	0.61 	4	28
119	2	4	85	21.8	310	0.54 	4	29
120	2	4	75	18.43	307	-1.20 	4	30
121	2	28	85	6.71	335	0.36 	5	1
122	2	27	85	6.71	334	0.22 	5	2
123	2	26	115	12.53	333	0.75 	5	3
124	1	24	165	21.8	331	0.99 	5	4
125	1	19	165	26.57	327	0.42 	5	5
126	1	15	165	33.69	322	-1.53 	5	6
127	2	12	105	11.31	319	-2.29 	5	7
128	2	10	45	18.43	318	-1.48 	5	8
129	2	10	75	21.8	317	-0.54 	5	9
130	3	8	85	21.8	315	0.39 	5	10
131	3	5	95	21.8	312	0.26 	5	11
132	4	0	75	14.04	309	-1.40 	5	12
133	4	4	15	26.57	309	-1.95 	5	13
134	3	8	15	33.69	313	-0.67 	5	14
135	3	13	15	33.69	318	-0.47 	5	15
136	3	16	5	21.8	321	-1.08 	5	16
137	3	20	35	33.69	325	-0.76 	5	17
138	3	25	35	21.8	330	0.49 	5	18
139	2	30	45	9.46	333	1.15 	5	19
140	2	26	135	18.43	330	0.06 	5	20
141	2	22	125	12.53	328	-0.54 	5	21
142	2	22	95	8.75	327	0.76 	5	22
143	1	19	135	18.43	325	1.07 	5	23
144	2	14	135	45	320	-0.66 	5	24
145	3	8	85	11.31	315	-1.41 	5	25
146	2	8	25	21.8	315	-0.06 	5	26
147	2	12	35	26.57	317	0.82 	5	27
148	2	9	75	21.8	316	0.53 	5	28
149	2	6	85	21.8	312	0.08 	5	29
150	1	6	85	15.95	309	-1.40 	5	30
151	3	26	45	6.71	335	0.33 	6	1
152	2	26	95	6.71	335	0.62 	6	2
153	1	24	155	15.95	333	0.98 	6	3
154	1	20	155	26.57	329	0.62 	6	4
155	1	16	155	18.43	326	-0.27 	6	5
156	2	14	75	11.31	323	-1.43 	6	6
157	2	13	35	26.57	323	-0.95 	6	7
158	2	13	45	21.8	322	0.59 	6	8
159	2	12	85	21.8	321	0.97 	6	9
160	2	9	95	21.8	318	0.79 	6	10
161	2	4	105	21.8	315	0.33 	6	11
162	4	0	105	18.43	312	-1.13 	6	12
163	3	4	5	33.69	313	-0.96 	6	13
164	3	10	5	33.69	318	0.58 	6	14
165	3	14	5	33.69	323	0.67 	6	15
166	3	18	5	33.69	327	0.43 	6	16
167	3	21	5	33.69	330	0.42 	6	17
168	3	24	5	15.95	333	0.74 	6	18
169	2	26	45	9.46	334	1.40 	6	19
170	2	26	105	26.57	332	0.15 	6	20
171	2	24	95	14.04	329	-0.24 	6	21
172	1	22	95	9.46	329	1.35 	6	22
173	1	19	125	26.57	326	0.77 	6	23
174	2	14	85	45	321	-1.53 	6	24
175	2	15	15	33.69	320	-1.05 	6	25
176	2	14	45	33.69	319	0.77 	6	26
177	2	16	35	33.69	322	1.07 	6	27
178	1	14	85	33.69	320	0.72 	6	28
179	1	10	65	33.69	318	0.20 	6	29
180	1	10	65	45	315	-1.27 	6	30
181	2	28	95	9.46	337	0.44 	7	1
182	1	26	135	11.31	335	0.83 	7	2
183	1	23	155	21.8	332	0.76 	7	3
184	1	19	155	26.57	328	-0.14 	7	4
185	2	16	155	14.04	324	-1.54 	7	5
186	3	16	5	18.43	325	-0.65 	7	6
187	2	15	45	14.04	326	1.19 	7	7
188	2	14	105	14.04	325	1.17 	7	8
189	2	12	105	18.43	323	0.70 	7	9
190	2	8	105	18.43	320	0.64 	7	10
191	3	4	115	21.8	317	0.42 	7	11
192	4	0	115	18.43	313	-1.30 	7	12
193	3	3	45	33.69	315	-0.35 	7	13
194	3	9	45	21.8	320	1.80 	7	14
195	3	13	45	26.57	324	1.52 	7	15
196	3	18	45	21.8	329	1.57 	7	16
197	3	21	45	18.43	332	1.52 	7	17
198	2	23	65	11.31	334	1.38 	7	18
199	2	26	135	8.13	335	1.77 	7	19
200	1	24	135	15.95	332	0.89 	7	20
201	1	24	135	8.13	331	0.55 	7	21
202	1	22	145	14.04	329	1.30 	7	22
203	1	18	145	26.57	326	-0.13 	7	23
204	2	16	85	11.31	323	-1.03 	7	24
205	2	18	15	21.8	325	0.27 	7	25
206	2	19	45	14.04	326	1.07 	7	26
207	1	18	75	12.53	325	1.15 	7	27
208	1	16	95	14.04	324	0.72 	7	28
209	1	14	105	11.31	322	0.37 	7	29
210	1	15	105	11.31	320	-0.74 	7	30
211	2	28	115	12.53	337	0.95 	8	1
212	1	26	135	18.43	335	0.53 	8	2
213	1	22	135	26.57	332	-0.06 	8	3
214	2	18	135	21.8	327	-2.01 	8	4
215	3	17	5	15.95	326	-2.25 	8	5
216	2	17	15	12.53	328	0.24 	8	6
217	2	16	65	11.31	328	1.03 	8	7
218	1	15	105	11.31	327	0.62 	8	8
219	1	12	115	18.43	325	0.44 	8	9
220	2	8	115	18.43	321	0.36 	8	10
221	2	4	125	21.8	317	-0.11 	8	11
222	4	1	115	15.95	314	-1.78 	8	12
223	4	1	35	7.59	314	-1.71 	8	13
224	4	5	75	26.57	318	0.19 	8	14
225	3	8	75	33.69	322	0.91 	8	15
226	3	14	85	33.69	327	1.68 	8	16
227	2	18	105	21.8	330	2.55 	8	17
228	2	20	105	10.3	333	2.39 	8	18
229	1	22	135	10.3	333	1.72 	8	19
230	1	19	175	14.04	332	0.82 	8	20
231	1	22	155	14.04	330	0.87 	8	21
232	1	21	155	21.8	328	0.84 	8	22
233	2	18	155	11.31	325	-0.72 	8	23
234	2	18	15	18.43	325	-0.11 	8	24
235	2	20	135	5.44	326	1.47 	8	25
236	2	20	135	5.44	326	1.62 	8	26
237	1	20	105	5.44	326	1.50 	8	27
238	1	18	105	12.53	325	0.91 	8	28
239	1	16	125	11.31	323	0.80 	8	29
240	1	14	125	11.31	321	0.13 	8	30
241	1	27	125	26.57	339	1.64 	9	1
242	1	25	125	15.95	336	0.38 	9	2
243	1	22	105	26.57	333	0.16 	9	3
244	2	18	85	18.43	329	-2.06 	9	4
245	2	18	5	21.8	329	-0.92 	9	5
246	2	18	35	10.3	330	1.22 	9	6
247	2	17	115	9.46	329	0.40 	9	7
248	2	15	115	11.31	328	0.29 	9	8
249	2	13	115	14.04	326	0.36 	9	9
250	2	10	115	21.8	323	0.11 	9	10
251	3	6	75	26.57	319	-0.87 	9	11
252	4	4	65	18.43	317	-1.13 	9	12
253	4	0	25	21.8	314	-1.91 	9	13
254	4	2	75	15.95	316	-0.85 	9	14
255	3	6	75	21.8	318	-0.45 	9	15
256	3	9	75	26.57	322	-1.37 	9	16
257	3	12	75	26.57	325	0.14 	9	17
258	2	16	105	33.69	328	0.55 	9	18
259	2	16	135	33.69	329	0.01 	9	19
260	2	20	155	33.69	328	-0.47 	9	20
261	1	18	145	26.57	327	-0.14 	9	21
262	2	17	165	26.57	325	-0.40 	9	22
263	2	17	135	14.04	324	-0.85 	9	23
264	2	18	115	14.04	325	0.04 	9	24
265	1	19	135	11.31	326	0.66 	9	25
266	1	19	135	11.31	326	0.71 	9	26
267	1	19	155	15.95	326	0.62 	9	27
268	1	19	165	15.95	324	0.10 	9	28
269	2	16	175	14.04	322	-0.04 	9	29
270	2	14	175	12.53	321	-0.72 	9	30
271	1	24	135	18.43	339	2.48 	10	1
272	1	21	135	18.43	336	0.64 	10	2
273	2	18	145	26.57	332	0.43 	10	3
274	3	16	135	12.53	331	-0.16 	10	4
275	3	16	15	12.53	331	1.29 	10	5
276	2	17	65	10.3	332	1.91 	10	6
277	2	16	95	14.04	331	0.93 	10	7
278	2	14	115	11.31	329	0.67 	10	8
279	2	12	115	11.31	327	1.01 	10	9
280	2	10	115	18.43	325	1.34 	10	10
281	3	8	115	15.95	323	1.19 	10	11
282	3	6	115	15.95	321	2.03 	10	12
283	3	2	115	33.69	318	0.19 	10	13
284	4	0	25	9.46	317	-0.77 	10	14
285	3	2	75	12.53	317	-1.46 	10	15
286	3	4	75	26.57	320	-2.98 	10	16
287	3	8	85	21.8	323	-1.65 	10	17
288	3	12	115	3.81	325	-1.14 	10	18
289	2	12	135	3.81	325	-1.21 	10	19
290	2	14	155	3.81	325	-1.39 	10	20
291	2	14	165	3.81	324	-1.12 	10	21
292	2	16	155	7.59	324	-1.30 	10	22
293	2	16	135	7.59	324	-1.17 	10	23
294	1	16	115	7.59	324	-0.78 	10	24
295	1	16	135	11.31	324	-1.07 	10	25
296	1	16	145	18.43	323	-1.31 	10	26
297	1	15	155	18.43	323	-1.28 	10	27
298	2	14	165	10.3	322	-1.20 	10	28
299	1	14	165	10.3	321	-0.92 	10	29
300	1	12	175	15.95	318	-1.75 	10	30
