FIELD_N	X	Y	AUTOR	TREE	MD	Z	ASPECT_NE	SLOPE	RADIATION	HEAT	E3	E2	COND_I	COND_II	pH	TC_S	TOC	TC	IC	TN	C/N	Ca	Mg	K	Fe	P	Fe_M	PCAN_OP	PSIT_OP	LAI_4	LAI_5	TRA_DIR	TRA_DIF	TRA_TOT	PTRA_DIR	PTRA_DIF	PTRA_TOT
00, 00                        	0	0	Marketa	0	0	0	171	18	0.918372738	0.944985154	30	0	75.3	49.6	4.52	20.5	146.5	150.6	4.1	20	7.5	5.7	5.5	6.6	6.51	5.6	408.8	14.28	14.27	2.23	1.94	5.2	3.82	8.84	26.5	21.18	23.9
00, 10                        	0	10	Marketa	0	0	2.614	171	19	0.919441992	0.947479787	35	1	90.4	63.8	5.49	23.6	195.1	200.1	5	28.4	7	19.2	8.4	7.1	1.86	7.2	266.5	12.95	12.81	2.32	2.6	2.74	3.23	5.97	14.48	17.89	16.15
00, 20                        	0	20	Marketa	0	0	5.353	171	23	0.921948478	0.955598082	30	0	60.9	34.9	4.89	17.3	127	135	8	15.1	9	7.1	2.9	4	1.56	6.5	309.6	11.75	11.71	2.44	2.22	3.99	3.22	7.2	21.9	17.9	19.53
00, 30                        	0	30	Marketa	1	1	7.642	143	16	0.939785672	0.914325906	30	0	86.9	48.4	4.57	19.9	190.7	199.1	8.4	18.2	10.9	8.7	4.9	6.1	2.66	5.7	365.6	13.83	13.81	2.14	1.99	5.87	3.53	9.4	31.3	19.65	25.48
00, 40                        	0	40	Marketa	1	0	9.981	173	18	0.915243938	0.945708707	40	1	57.7	34.9	4.8	23.6	146.9	150.8	3.9	13.1	11.5	7.8	3.4	4.4	2.35	6.2	351.3	14.66	14.6	2.6	1.93	4.43	3.61	8.4	23.42	20.7	21.79
00, 50                        	0	50	Marketa	0	0	12.378	153	18	0.939528983	0.930584766	25	0	130	142.1	4.89	95.5	519.8	533	13.2	68.9	7.7	44	21.1	22.9	5.3	13.8	458.2	13.87	13.82	2.17	1.99	5.24	3.55	8.79	27.62	19.57	23.68
00, 60                        	0	60	David	1	1	14.531	151	17	0.938581805	0.926371942	40	15	222	159.9	7.98	44.5	393.5	453.5	60	54.7	8.3	81	21.6	16.6	3.32	16.2	169.5	11.97	11.95	2.26	2.19	4.9	3.24	7.32	21.57	17.83	19.74
00, 70                        	0	70	David	1	0	16.866	151	18	0.941049006	0.928144012	60	5	143	69.1	7.2	32.5	220	244.5	24.5	28.1	8.7	28.8	11.5	7.8	8.8	9.2	248	11.67	11.66	2.34	2.23	2.49	3.12	5.61	13.15	17.21	15.13
00, 80                        	0	80	David	0	0	18.847	155	18	0.937836374	0.932863831	70	20	209	120.5	7.39	45.8	366.2	407.8	41.6	41.9	9.7	55.5	18.9	14.1	1.4	11.5	210.6	12.62	12.62	2.19	2.8	4.53	3.21	7.74	23.83	17.48	20.71
00, 90                        	0	90	David	0	0	20.859	155	13	0.92455631	0.920936512	20	0	52.6	41.4	5.6	27.3	189.5	204.9	15.4	15.3	13.4	12.3	5.1	5.9	2.39	6.7	304	12.8	12.8	2.27	2.6	3.84	3.31	7.15	20.19	18.2	19.12
10, 00                        	10	0	Marketa	1	1	1.678	169	23	0.925719001	0.954456569	25	3	223	128.5	7.93	36.5	198.2	249.8	51.6	40	6.3	60	11.7	9.6	4.46	7.4	111.9	13.73	13.63	2.28	1.99	4.15	3.53	7.68	21.93	19.55	20.77
10, 10                        	10	10	Marketa	0	0	4.163	171	23	0.921948478	0.955598082	45	0	78	56.2	4.98	24.1	193.8	208.1	14.3	21.4	9.7	12	6.3	7.1	3.39	5.7	318.9	14.42	14.39	2.16	1.93	5.46	3.47	8.93	28.84	19.25	24.16
10, 20                        	10	20	Marketa	0	0	6.546	169	18	0.921354726	0.944082368	35	0	70	49.3	4.9	19.9	154.7	167.9	13.2	18.8	8.9	14	7.5	7	11.59	5.1	357.1	15.65	15.62	2.5	1.83	5.1	3.87	8.88	26.51	21.51	24.7
10, 30                        	10	30	Marketa	1	0	8.654	155	16	0.933066359	0.928630944	20	7	202	116	7.63	33.3	197.5	230.5	33	49.1	4.7	49	11.8	6	1.9	8.2	166	15.7	15.45	2.9	1.85	4.79	3.74	8.53	25.35	20.78	23.12
10, 40                        	10	40	Marketa	0	1	11.215	163	15	0.923330551	0.932481914	35	3	201	133.2	7.81	39.8	254.8	305.8	51	42.1	7.3	61.5	14.7	7	0.74	7.8	92.8	15.59	15.52	2.12	1.83	4.13	3.9	8.3	21.84	21.68	21.76
10, 50                        	10	50	Marketa	0	0	13.423	145	14	0.932833277	0.913516769	25	15	210	124.9	7.88	37.8	189.3	237.3	48.1	40.9	5.8	59	13.1	6.6	0.76	5.6	112.1	14.54	14.45	2.9	2	5.19	3.37	8.55	27.37	18.55	23.5
10, 60                        	10	60	Marketa	0	0	15.725	145	19	0.947027755	0.921032423	20	0	55.4	39.7	4.52	26.7	212.3	227.8	15.5	16.1	14.1	5.3	4.3	7.9	3.73	5.8	433.2	13.23	13.19	2.26	2.1	5.2	3.25	8.46	27.45	17.92	22.79
10, 70                        	10	70	Marketa	1	0	18.788	145	14	0.932833277	0.913516769	50	5	239	117.7	7.66	28.8	201.8	263.9	62.1	18.9	14	52.5	14.9	6.8	8.33	8.2	227.6	13.71	13.71	2.18	1.98	4.6	3.29	7.89	24.2	17.89	21.1
10, 80                        	10	80	Marketa	0	0	20.499	135	16	0.941078629	0.902165655	45	5	206	102	7.59	39.8	307.9	348	40.1	30.8	11.3	54	20.4	10.4	14.44	11	237.3	12.57	12.57	2.26	2.8	4.69	3.9	7.78	24.68	16.79	20.8
10, 90                        	10	90	Marketa	1	0	22.457	135	13	0.931095222	0.899337863	40	15	214	126.7	7.72	29.9	244.1	301.8	57.6	31.1	9.7	59.5	14.4	9.9	1.13	8.9	152.3	14.1	14.9	2.12	1.95	5.62	3.56	9.18	29.64	19.61	24.73
20, 00                        	20	0	Marketa	0	1	3.402	141	22	0.955082707	0.915833226	35	1	99.9	61.9	5.4	30.2	234.6	257.3	22.7	25.5	10.1	20.6	8.4	5.7	1.33	6.1	276.7	11.75	11.74	2.37	2.2	4.79	3.21	8	25.25	17.72	21.57
20, 10                        	20	10	Marketa	0	0	5.584	153	15	0.931827192	0.924335909	30	1	88.4	37.6	5.62	26.1	112	116.2	4.2	15.9	7.3	10.7	4.2	3	1.54	6.1	290.8	12.25	12.24	2.29	2.2	4.6	3.4	8	24.26	18.72	21.55
20, 20                        	20	20	Marketa	1	1	7.802	161	17	0.929778667	0.936363235	35	3	101.5	54.4	5.49	27.9	156.5	171.8	15.2	26	6.6	14	7.1	5.9	2.82	6.6	285.3	12.39	12.37	2.24	2.17	3.95	3.39	7.34	20.84	18.79	19.84
20, 30                        	20	30	Marketa	0	1	10.426	157	11	0.916839242	0.916224975	15	2	220	106.7	7.93	30.3	163.9	203.5	39.6	33.3	6.1	46.2	11.1	5.6	0.9	9.9	110.5	9.96	9.93	2.73	2.43	4.26	2.75	7.1	22.51	15.2	18.94
20, 40                        	20	40	Marketa	1	0	13.174	157	15	0.928849059	0.928015848	35	5	254	164	7.74	42.1	236.4	290.4	54	62.3	4.7	70.5	16.2	18.9	3.44	11.1	131.6	9.19	9.19	2.87	2.79	4.23	2.84	7.7	22.27	15.5	18.95
20, 50                        	20	50	Marketa	0	1	15.572	153	16	0.934576135	0.926598061	25	15	147	68.6	7.23	21.4	161.6	189.4	27.8	23.1	8.2	26.8	8.7	5.1	1.78	5.2	320.2	11.58	11.55	2.39	2.2	4.51	3.2	7.53	23.72	16.49	20.17
20, 60                        	20	60	Marketa	0	0	17.674	147	13	0.928725845	0.913602852	40	5	59.6	47.2	5.35	21	268	286.6	18.7	19.1	15	18.9	17.4	13.7	51.2	6.1	301.5	9.35	9.34	2.7	2.49	4.31	2.55	6.86	22.68	13.95	18.39
20, 70                        	20	70	Marketa	0	0	19.569	143	12	0.926430027	0.90722587	40	10	64.6	41.2	5.29	23.2	199.9	212.1	12.2	14.2	15	29.6	6.2	4.9	3.37	7.4	315.2	10.97	10.95	2.46	2.32	4.8	3.3	7.83	25.24	16.47	20.93
20, 80                        	20	80	Marketa	0	0	21.438	145	14	0.932833277	0.913516769	40	0	185	68.7	7.58	21.5	129.5	169.3	39.7	14.1	12	31.4	7.9	6.8	3.61	5	197.1	10.56	10.55	2.44	2.36	4.89	2.88	7.77	25.72	15.68	20.78
20, 90                        	20	90	Marketa	0	0	23.225	145	13	0.929447982	0.911486528	40	15	142	66.5	6.91	27.6	187	217.4	30.4	18.2	12	27.3	11.7	8.3	10.99	7.2	245.7	12.8	12.8	2.34	2.17	4.66	3.64	8.3	24.63	20.14	22.44
30, 00                        	30	0	David	1	1	4.795	142	20	0.9505899	0.916871481	20	0	101	64.2	4.6	26	188.4	205.4	17	24.6	8.3	12.8	7.6	9.7	5.31	8	379.7	12.28	12.28	2.37	2.23	4.62	3.52	8.15	24.37	19.42	21.95
30, 10                        	30	10	David	0	0	6.904	150	16	0.93655163	0.923279139	15	0	63.8	32.3	5.17	19.1	104.5	116.3	11.9	9.4	12.4	6.8	3.1	3.1	1.94	4.6	321.5	12.8	12.8	2.46	2.19	5.24	3.4	8.64	27.61	18.74	23.28
30, 20                        	30	20	David	1	0	8.998	161	20	0.935134518	0.94283723	70	5	134	81.1	6.71	22.3	152.4	174.6	22.2	35.4	4.9	25.4	9.2	4.7	2.91	5.2	207.7	13.7	13	2.2	2.8	4.88	3.34	8.22	25.77	18.5	22.22
30, 30                        	30	30	David	1	0	11.211	149	17	0.93985491	0.923912494	20	10	226	107.9	7.96	28.8	146.8	186.3	39.4	35.7	5.2	46.3	11.3	5.3	6.9	9.1	134.3	9.6	9.6	2.84	3.3	3.52	2.82	6.34	18.6	15.59	17.13
30, 40                        	30	40	David	1	0	14.144	149	20	0.946921835	0.928272194	65	15	215	125.8	8.4	35.8	156.4	215.7	59.3	30.1	7.2	59.5	12	10.6	5.8	6.6	100	16.61	16.58	1.88	1.86	5.47	4.68	10.15	28.9	25.91	27.44
30, 50                        	30	50	David	1	1	16.444	145	16	0.93906023	0.917051675	80	0	122	67	6.22	18.1	138.4	158.2	19.8	21.4	7.4	23.3	13.3	9	16.75	7.2	321.8	9.7	9.7	2.5	2.5	4.29	2.69	6.99	22.6	14.69	18.72
30, 60                        	30	60	David	0	0	18.481	120	13	0.927400682	0.876882018	30	0	54.6	38	4.85	24.5	211.4	226.4	14.9	14.4	15.7	6.4	5.1	4.8	3.7	6.6	396.6	11.76	11.75	2.37	2.21	5.59	3.25	8.84	29.41	17.76	23.7
30, 70                        	30	70	David	0	0	20.223	147	15	0.935206826	0.917806957	30	0	46.9	25.6	5.11	16.8	140.4	142.6	2.3	11.7	12.2	5.6	3.7	3.2	3.6	8.7	326	10.9	10.89	2.41	2.33	4.2	3.3	7.23	22.9	16.53	19.36
30, 80                        	30	80	David	0	0	22.064	149	16	0.937132202	0.922102276	30	0	48.3	25.9	5.48	19.2	142.2	144.4	2.1	11.7	12.4	6.5	4.8	2.9	6.2	6.2	341.3	9.61	9.6	2.69	2.5	4.38	2.73	7.11	23.5	14.84	19.1
30, 90                        	30	90	David	0	0	23.759	133	14	0.934533756	0.897523778	70	15	90.3	47.5	6.45	24.5	204.7	208	3.3	21.6	9.6	15.1	8.2	7.2	4.8	6.4	283.8	12.27	12.26	2.24	2.15	4.65	3.19	7.84	24.46	17.35	20.96
40, 00                        	40	0	Marketa	1	0	5.642	159	17	0.931857482	0.934680873	45	0	63.7	42.6	4.43	18.8	184.1	186.6	2.5	13.9	13.4	3.2	3.4	4.3	2.56	5.3	387	12.5	12.48	2.24	2.15	5.93	3.37	9.3	31.29	18.54	25.5
40, 10                        	40	10	Marketa	0	0	7.9	171	15	0.914107651	0.936397041	30	0	60.3	33	4.86	18	162	164.2	2.2	12.5	13.1	5.1	6	2.9	11.23	5.7	345.9	8.58	8.58	2.89	2.61	3.71	2.38	6.9	19.56	13.1	16.4
40, 20                        	40	20	Marketa	1	1	10.114	150	15	0.93368215	0.921219494	35	15	220	98.5	7.82	24	180.8	209.2	28.3	24.4	8.6	44.3	12.4	7.1	11.92	5	170.5	10.3	10.1	2.77	2.36	3.62	2.61	6.23	19.7	14.23	16.69
40, 30                        	40	30	Marketa	1	1	12.912	143	17	0.942669475	0.915664009	20	1	224	125.1	8	67.3	267.3	294.7	27.3	39	7.6	57	15.7	8.6	5.7	6.9	103.3	9.18	9.18	3.4	2.86	3.64	2.83	6.48	19.17	15.47	17.35
40, 40                        	40	40	Marketa	0	0	14.992	138	17	0.943847799	0.907844086	35	15	165	91.8	7.15	46.7	257.4	267.3	9.9	38.4	7	36.8	12.5	4.8	1.37	6.4	190.1	10.94	10.93	2.45	2.3	5.99	2.96	8.95	31.54	16.18	24
40, 50                        	40	50	Marketa	1	0	17.135	149	16	0.937132202	0.922102276	30	1	233	119.8	7.61	29	199.8	230.2	30.5	32.9	7	54	14.6	5.6	4.24	5.2	178.5	7.49	7.49	3.7	2.76	4.58	2.15	6.72	24.6	11.65	17.95
40, 60                        	40	60	Marketa	1	0	18.987	145	14	0.932833277	0.913516769	65	0	47.4	31.3	4.78	32.6	165.3	167.8	2.6	12.7	13.2	5.3	5.5	5.3	10.31	5.9	392.3	11.86	11.86	2.4	2.21	5.5	3.3	8.35	26.56	17.89	22.29
40, 70                        	40	70	Marketa	0	0	20.823	162	12	0.916482687	0.922500503	60	0	59.1	30.2	5.1	34.6	163.6	165.8	2.2	13.1	12.6	6.4	4.9	3.9	4.6	7	339.6	11.14	11.14	2.42	2.31	3.94	3.11	7.5	20.71	16.89	18.83
40, 80                        	40	80	Marketa	0	0	22.499	147	12	0.925215393	0.911237921	40	15	77.8	41.3	6.37	28.9	150.6	153.2	2.6	18.9	8.1	11.6	6.6	3.1	1.38	5	236.3	12.9	12.9	2.34	2.19	5.5	3.36	8.41	26.55	18.17	22.42
40, 90                        	40	90	Marketa	1	0	24.419	128	12	0.926658322	0.888889414	30	0	60	37.7	5.43	37.6	197.6	200.7	3.2	19.3	10.4	9.4	7.6	8.2	11.74	8.9	302.1	12.5	12.4	2.35	2.18	5.45	3.31	8.76	28.63	17.92	23.35
50, 00                        	50	0	David	1	0	6.269	125	20	0.949314196	0.881521189	60	0	81.2	44.4	5.93	31	151.1	158.2	7.1	18.5	8.5	14.8	7.2	7.7	14.31	6.6	244.7	9.73	9.73	2.87	2.47	5.87	2.78	8.65	30.93	15.24	23.24
50, 10                        	50	10	David	0	0	8.712	155	16	0.933066359	0.928630944	65	0	79.3	50.1	4.51	42.6	177	179.7	2.6	22.7	7.9	6.2	4.8	7	4.13	7.6	412.1	11.65	11.65	2.41	2.25	4.48	3.2	7.68	23.61	17.59	20.67
50, 20                        	50	20	David	0	0	10.87	128	19	0.948242094	0.889099899	30	5	219	98.9	7.49	25.5	203.4	228.2	24.8	28.5	8	41.2	12.6	4.7	2.19	5	172.6	9.24	9.24	2.81	2.56	4.48	2.61	7.9	23.61	14.23	19
50, 30                        	50	30	David	0	0	13.082	130	14	0.934161067	0.892951555	50	45	200	95.6	7.88	27.7	145.2	170.2	25	24.7	6.9	45.2	7.8	3.4	0.82	5.9	122.3	9.48	9.47	2.79	2.43	3.93	2.53	6.47	20.71	13.83	17.33
50, 40                        	50	40	David	0	0	15.36	141	18	0.946002986	0.913625669	70	0	72.5	48.4	5.69	31.4	237.5	243	5.5	22.7	10.7	15.6	7.3	5.8	2.79	6.7	283.2	8.75	8.75	2.73	2.55	4.28	2.4	6.68	22.51	13.13	17.91
50, 50                        	50	50	David	1	0	17.745	141	14	0.933966008	0.908618593	70	0	69.6	51.8	4.9	29.1	265.6	268.4	2.8	20.8	12.9	9.1	5.7	8.2	2.62	7.1	339	8.75	8.74	2.77	2.55	3.23	2.43	5.66	16.98	13.18	15.11
50, 60                        	50	60	David	0	0	19.466	153	18	0.939528983	0.930584766	40	0	52.6	41.2	4.74	25.1	253.8	256.7	3	21	12.2	6.8	4.4	6.3	4.97	9	411.9	19.64	19.63	1.71	1.6	6.88	5.22	12.1	36.18	28.32	32.31
50, 70                        	50	70	David	1	0	21.229	170	14	0.913516769	0.932833277	35	0	66.6	45.1	5.36	25	229.3	235.1	5.8	23	10.2	11.6	5.8	7.1	2.36	14.9	324	8.96	8.96	2.78	2.66	4.3	2.62	6.65	21.2	14.19	17.75
50, 80                        	50	80	David	0	0	23.036	138	14	0.934444985	0.904653844	60	0	54.2	37.1	5.29	22.5	220	223.5	3.5	15.1	14.8	10.3	5.6	3.6	2.3	6.5	317.3	10.94	10.94	2.48	2.38	5.38	3.11	8.49	28.26	16.83	22.63
50, 90                        	50	90	David	1	0	24.705	135	15	0.93793293	0.901394272	60	0	53.3	29.5	4.8	20.6	174.8	178.3	3.5	13.5	13.2	3.4	3.4	6	3.48	6.9	364.8	10.13	10.13	2.5	2.45	4.63	2.84	7.47	24.34	15.33	19.9
60, 00                        	60	0	Marketa	0	0	5.847	123	29	0.959905191	0.858603674	25	25	235	118	8.2	43.3	176.2	209.8	33.6	40.4	5.2	51	12.5	11.1	0.84	8.6	74.7	8.27	8.1	3.14	2.72	2.24	2.31	4.55	11.83	12.76	12.28
60, 10                        	60	10	Marketa	0	0	9.433	133	19	0.949316187	0.899509739	40	0	78.7	53.5	4.91	25.9	231.1	247.8	16.7	20.8	11.9	11.9	6.1	9.6	4.2	7	378.1	12.45	12.34	2.29	2.12	4.67	3.12	7.8	24.6	17.7	20.9
60, 20                        	60	20	Marketa	1	0	11.618	163	18	0.929384419	0.940310689	40	3	185	100	7.53	28.5	184.8	223.2	38.4	33.2	6.7	41.5	13.6	7.6	2.1	6.6	196.4	10.95	10.93	2.43	2.28	3.81	2.85	6.65	20.2	15.49	17.79
60, 30                        	60	30	Marketa	0	0	13.854	155	18	0.937836374	0.932863831	45	0	97.2	56.9	6.33	21.5	118.5	137.4	18.9	23.9	5.7	18.6	8.1	4.1	1.18	5.6	217.7	8.5	8.4	2.77	2.63	3.6	2.9	5.69	18.94	11.38	15.22
60, 40                        	60	40	Marketa	0	0	16.036	129	18	0.946002986	0.891607613	40	0	85.5	54.8	5.16	23.4	172.2	188.2	16	26	7.2	12	6.7	9	2.15	8.2	288.2	9.85	9.83	2.73	2.38	3.75	2.65	6.4	19.73	14.41	17.11
60, 50                        	60	50	Marketa	1	0	18.242	160	16	0.928630944	0.933066359	40	5	72	46.5	5	22.9	170	186.4	16.4	22.1	8.4	12.5	5.7	8.7	6.6	8.7	323.5	8.64	8.64	2.78	2.51	4	2.31	6.31	21.4	12.52	16.85
60, 60                        	60	60	David	1	0	20.061	155	12	0.921361688	0.918016079	30	0	59.3	40.5	4.29	18.7	188.9	200.5	11.6	14.7	13.6	5	2.9	8	2.53	7	342.8	11.74	11.73	2.39	2.24	3.97	3.34	7.31	20.87	18.11	19.51
60, 70                        	60	70	David	0	0	21.563	147	12	0.925215393	0.911237921	60	0	94.2	57.3	6.82	25.5	196.7	219.5	22.8	24.2	9.1	24.3	8.6	6.9	4.19	7.1	183.2	11.42	11.42	2.53	2.39	4.48	3.38	7.86	23.58	18.3	20.98
60, 80                        	60	80	David	0	0	23.422	141	14	0.933966008	0.908618593	60	0	45.5	30	4.68	16.1	122.1	132.6	10.4	9.4	14.1	4.6	2.7	7	1.74	6.2	327.3	10.77	10.77	2.44	2.42	4.63	3.8	7.72	24.36	16.6	20.53
60, 90                        	60	90	David	1	0	25.113	141	11	0.923032317	0.903040267	70	0	67.3	47.4	4.83	30.3	206.9	223.7	16.8	17.2	13	8.9	4.4	17.6	2.75	7.5	464.2	10.13	10.13	2.7	2.55	2.21	3.1	5.21	11.61	16.2	13.88
70, 00                        	70	0	David	0	0	8.089	160	14	0.86727841	0.927572566	40	4	198.9	100.9	7.97	42.9	115.6	154	38.4	33	4.7	49	8.3	9.2	0.56	7.2	103.2	10.78	10.78	2.48	2.29	4.29	2.89	7.18	22.58	15.82	19.27
70, 10                        	70	10	David	0	0	9.635	145	27	0.960082032	0.923832683	70	30	236	121.9	7.91	57.3	178.7	220.3	41.5	41.7	5.3	53.5	12.9	14.6	0.65	8.8	79.8	11.55	11.48	2.44	2.2	3.61	2.87	6.47	19	15.75	17.41
70, 20                        	70	20	David	0	1	12.15	149	15	0.934227299	0.920114439	60	0	58.2	35.6	5.32	22.6	152.9	169.6	16.7	13	13	10.6	3.6	5.4	2.5	4.5	303.8	12.9	12.5	2.33	2.13	5.46	3.13	8.59	28.72	17.1	22.96
70, 30                        	70	30	David	0	0	14.232	135	16	0.941078629	0.902165655	70	0	57.2	33.2	4.69	15	108.7	121.5	12.8	12.1	10	6.6	4.1	6.9	9.74	5.5	365.4	12.42	12.39	2.28	2.11	4.79	3.8	7.87	25.21	16.73	21.4
70, 40                        	70	40	David	0	0	16.578	129	10	0.919030415	0.888463626	50	1	150	78.9	6.54	29.2	170.3	195.5	25.2	29.4	6.6	28.5	11	7.2	1.11	7	229.2	10.11	10.9	2.54	2.33	4.16	2.5	6.65	21.88	13.56	17.79
70, 50                        	70	50	David	0	0	18.225	135	15	0.93793293	0.901394272	30	0	198.7	102.4	7.89	31	126.8	171.9	45.1	27.2	6.3	47.9	8.8	8.5	1.11	8.2	80.3	10.13	10.11	2.56	2.35	3.98	2.6	6.58	20.95	14.8	17.57
70, 60                        	70	60	Marketa	0	0	20.389	135	14	0.93460479	0.900451579	45	3	247	98.4	7.36	26.4	146.3	194.8	48.4	19	10.3	41.9	13	8	4.23	5.8	196.4	9.84	9.84	2.69	2.52	4.3	2.87	7.18	22.63	15.58	19.16
70, 70                        	70	70	Marketa	0	0	22.016	140	13	0.930682627	0.905728262	50	0	54.7	34.4	5.48	21.4	128.1	141.3	13.2	11.4	12.4	10.6	3.9	4	1.97	7.8	313.9	10.43	10.43	2.64	2.64	5.16	3.14	8.31	27.16	17.4	22.18
70, 80                        	70	80	Marketa	0	1	23.628	140	13	0.930682627	0.905728262	45	0	50.6	32.2	4.72	19.8	128.1	140.5	12.5	12.2	11.6	6.6	2.4	5.4	2.75	6.3	356	10.84	10.83	2.62	2.44	3.56	3.2	6.75	18.7	17.22	17.97
70, 90                        	70	90	Marketa	0	0	25.013	129	10	0.919030415	0.888463626	25	0	65.2	38.9	5.5	17.7	133.3	145.3	12	12.8	11.4	11.3	4.3	3.3	2.9	5.1	288	10.69	10.69	2.54	2.48	4.74	3.16	7.91	24.93	17.6	21.5
80, 00                        	80	0	Helena	0	0	9.45	151	15	0.933100296	0.922291641	45	2	193	74.8	7.82	29.8	123.2	158.7	35.5	22.9	6.9	32.4	10.6	5.7	0.09	7	137	12.73	12.72	2.31	2.1	4.22	3.43	7.66	22.21	18.68	20.48
80, 10                        	80	10	Helena	0	1	11.547	173	20	0.916871481	0.9505899	35	2	146.2	73.3	7.53	31	205.3	237.2	31.8	27.4	8.7	34.2	11.8	6.6	0.12	8.6	153.4	11.95	11.95	2.38	2.32	3.43	3.48	6.91	18.6	18.94	18.49
80, 20                        	80	20	Helena	0	1	12.847	178	18	0.899453796	0.946728195	30	10	189	92.3	7.67	45.2	169.9	209.9	39.9	31.6	6.6	39.6	12.4	8.8	0.02	8.1	95.1	12.59	12.59	2.29	2.28	4.79	3.69	8.48	25.16	19.99	22.62
80, 30                        	80	30	Helena	0	0	14.801	119	12	0.923523199	0.8757763	35	10	223	108.9	8.9	36.7	154.9	206.2	51.4	25.5	8.1	53.5	9.7	8.8	0.01	8.3	76.3	9.95	9.95	2.7	2.57	2.84	2.95	5.79	14.92	16	15.45
80, 40                        	80	40	Helena	1	0	16.629	159	12	0.918741391	0.920749164	40	0	66.8	53.6	4.87	28.4	221	238.2	17.2	21.2	11.2	15.9	6.8	10.2	1.83	7.2	348.9	11.52	11.52	2.36	2.33	4.97	3.29	8.26	26.13	17.84	22.5
80, 50                        	80	50	Helena	0	0	18.103	151	16	0.935931966	0.924420954	40	0	69.7	42.1	5.35	22.6	143.4	146.2	2.8	20.5	7.1	11.2	5.2	4.6	0.46	6.9	302.6	11.91	11.91	2.39	2.36	5.18	3.48	8.66	27.2	18.78	23.4
80, 60                        	80	60	Marketa	0	0	20.539	125	14	0.932833277	0.884881093	35	3	92.8	56.5	6.64	24.9	196.5	212.3	15.8	21.3	10	25.4	13.6	8.2	2.51	5.1	210.6	10.6	10.6	2.82	2.63	4.65	3.25	7.9	24.44	17.53	21.3
80, 70                        	80	70	Marketa	0	1	22.232	135	12	0.927405297	0.898053462	35	7	106.3	53.4	6.18	23.1	261.6	269.4	7.8	21.1	12.8	22.6	9.1	5.8	0.81	6.2	224.1	8.6	8.6	3.2	2.89	4.62	2.62	7.24	24.26	14.14	19.27
80, 80                        	80	80	Marketa	0	0	23.738	131	12	0.927161182	0.892937791	40	0	50.1	39.9	4.85	24.5	225.2	232.5	7.2	18.3	12.7	9.1	4.4	8.3	1.46	7	348.6	10.67	10.67	2.59	2.55	4.1	3.2	7.3	21.52	17.26	19.42
80, 90                        	80	90	Marketa	0	0	24.947	131	14	0.934320742	0.894499087	50	0	51.2	37.6	4.91	19.8	203.9	207.6	3.7	16.2	12.8	10.3	3.7	6.7	1.74	5.8	346.9	10.76	10.76	2.49	2.47	5.13	3.14	8.27	26.93	16.92	21.99
90, 00                        	90	0	David	1	0	9.839	135	15	0.93793293	0.901394272	85	2	85.2	59.2	6.26	26.3	175.6	187.1	11.5	24.9	7.5	20.4	8.5	5.6	0.59	6.6	253.2	13.19	13.17	2.14	2.6	4.58	3.5	8.7	24.8	19.2	21.59
90, 10                        	90	10	David	0	0	12.182	135	15	0.93793293	0.901394272	25	0	72.4	34	6.62	24.3	120.9	131.5	10.6	13.2	10	12.7	5.2	3.3	0.45	4.6	234.3	11.7	11.7	2.41	2.54	4.22	3.26	7.48	22.18	17.75	20
90, 20                        	90	20	David	1	0	13.867	129	14	0.933966008	0.891381192	80	1	199	97.7	7.72	31.1	174.6	212.7	38.1	20	10.6	49.1	11.4	6.7	0.43	6.9	153.9	12.74	12.74	2.19	2.16	2.96	3.55	6.51	15.58	19.24	17.38
90, 30                        	90	30	David	0	0	15.677	150	15	0.93368215	0.921219494	80	1	227	111.6	7.88	40.3	190.6	236.6	46	33.3	7.1	57	12.1	10.3	2.16	5.9	119.8	12.2	12.2	2.28	2.2	3.79	3.29	7.9	19.93	17.85	18.91
90, 40                        	90	40	David	1	0	17.319	157	13	0.923200029	0.922475849	60	25	203	93.5	7.69	39.4	154.8	200.8	46	20.5	9.8	44.5	11.5	7	0.7	7.3	185.6	10.73	10.73	2.37	2.28	3.2	2.83	6.3	16.8	15.36	16.9
90, 50                        	90	50	David	0	0	19.027	165	16	0.923279139	0.93655163	30	0	71.2	46.2	4.92	29.9	189.4	203.4	14	21.1	9.6	11.9	6.5	8.7	1.77	5.9	357.9	10.14	10.14	2.62	2.54	3.72	3.1	6.73	19.54	16.23	17.9
90, 60                        	90	60	David	0	0	20.868	63	13	0.856174417	0.773444255	60	0	50.1	30.8	4.81	23.8	155.8	167.6	11.7	12.4	13.5	7.8	8.1	7.3	1.4	6.7	368.5	11.91	11.91	2.32	2.34	5.53	3.43	8.96	29.7	18.48	23.84
90, 70                        	90	70	David	0	0	22.314	63	15	0.851732261	0.756546481	60	20	191.2	84.9	7.72	30	147.9	182.6	34.7	26.2	7	37.3	10.6	8.1	0.54	9.8	137.3	10.63	10.62	2.5	2.39	4.43	3.1	7.44	23.25	16.25	19.79
90, 80                        	90	80	David	0	0	23.788	148	9	0.913332353	0.903807499	50	0	83.1	51.5	4.91	28.4	222.7	236.2	13.5	21.9	10.8	10.3	5.1	10.8	1.68	9.5	308.5	10.54	10.54	2.57	2.46	4.29	3.9	7.38	22.55	16.64	19.63
90, 90                        	90	90	David	1	0	25.049	135	12	0.927405297	0.898053462	60	0	56.4	40.6	4.92	29.1	189.2	203.9	14.7	17.5	11.7	9.5	4.1	8.4	1.17	7	328	10.77	10.76	2.63	2.49	4.49	3.21	7.7	23.59	17.31	20.49
