FIELD_N	Ajuga genevensis_6	Anthericum ramosum_6	Astragalus glycyphyllos_6	Betonica officinalis_6	Brachypodium pinnatum_6	Brachypodium sylvaticum_6	Bromus inermis_6	Bupleurum falcatum_6	Calamagrostis arundinacea_6	Campanula persicifolia_6	Campanula rapunculoides_6	Carex curvata_6	Carex humilis_6	Carex michelii_6	Carex montana_6	Cirsium species_6	Clinopodium vulgare_6	Convallaria majalis_6	Dactylis polygama_6	Dictamnus albus_6	Elytrigia intermedia ssp. intermedia_6	Elytrigia repens_6	Euphorbia cyparissias_6	Fallopia convolvulus_6	Festuca rupicola_6	Fragaria moschata_6	Fragaria vesca_6	Galium album_6	Galium glaucum_6	Galium odoratum_6	Galium sylvaticum_6	Geranium sanguineum_6	Geum urbanum_6	Glechoma hederacea_6	Hieracium bauhini_6	Hieracium laevigatum_6	Hieracium lachenalii_6	Hieracium murorum_6	Hieracium pilosella_6	Hieracium sabaudum_6	Hieracium umbellatum_6	Hylotelephium maximum_6	Hypericum perforatum_6	Chenopodium album agg._6	Inula hirta_6	Lathyrus niger_6	Lathyrus vernus_6	Lithospermum purpurocaeruleum_6	Luzula luzuloides_6	Medicago lupulina_6	Melampyrum pratense_6	Melica nutans_6	Melica uniflora_6	Melittis melissophyllum_6	Peucedanum alsaticum_6	Peucedanum cervaria_6	Poa angustifolia_6	Poa nemoralis_6	Polygonatum odoratum_6	Pulmonaria mollis_6	Pyrethrum corymbosum_6	Scrophularia nodosa_6	Serratula tinctoria_6	Silene nutans_6	Silene vulgaris_6	Solidago virgaurea_6	Taraxacum sect. Ruderalia_6	Teucrium chamaedrys_6	Trifolium alpestre_6	Veronica chamaedrys agg._6	Veronica officinalis_6	Vicia pisiformis_6	Vincetoxicum hirundinaria_6	Viola hirta_6	Viola mirabilis_6	Viola riviniana_6
00, 00                        	0	0	0	0	0	0	0	0	0	0	0	0	0	0	0	0	0	0	8	0	0	0	0	0	0	0	0	0	0	0	0	0	0	0	0	0	0	2	0	1	0	0	0	0	0	0	0	0	0	0	0	0	0	0	0	0	0	2	0	0	0	0	0	2	0	0	0	0	0	0	1	0	0	0	0	0
00, 10                        	0	0	0	0	0	0	0	0	0	0	0	0	3	3	0	0	0	0	2	0	0	0	0	0	0	0	0	1	0	0	0	0	0	0	0	0	0	1	0	0	0	0	0	0	0	2	0	0	0	0	0	1	0	0	0	0	0	2	0	0	2	0	0	0	0	0	0	0	0	0	1	2	0	0	0	0
00, 20                        	0	0	0	0	0	0	0	0	0	0	0	0	0	3	0	0	0	0	2	0	0	0	0	0	2	0	0	0	0	0	0	0	0	0	0	0	0	1	0	2	0	0	0	2	0	1	0	0	0	1	0	0	0	0	0	0	0	2	0	0	0	0	0	2	0	0	1	0	2	2	2	0	1	1	0	0
00, 30                        	0	0	0	0	0	0	0	0	0	0	0	2	3	2	0	1	0	0	2	0	0	0	0	0	1	0	0	0	0	0	0	0	0	0	0	0	0	0	0	1	0	0	0	0	0	1	0	0	0	0	0	0	0	0	0	0	0	2	0	0	0	0	0	2	0	0	0	0	0	0	0	0	0	0	0	0
00, 40                        	0	0	0	0	3	0	0	0	0	2	0	2	8	3	0	0	0	0	2	0	0	0	0	0	2	3	0	0	0	1	0	0	0	0	0	0	1	2	0	0	0	0	0	0	0	2	0	0	0	0	0	0	0	2	0	0	2	0	0	0	0	0	0	2	0	0	0	0	1	0	0	0	1	0	0	0
00, 50                        	0	0	0	0	3	1	0	0	0	0	0	0	0	8	3	0	0	0	2	2	0	0	0	0	2	0	0	0	0	0	0	0	0	0	0	0	0	1	0	1	0	0	0	0	2	2	0	0	0	0	0	1	0	1	0	0	0	0	0	1	1	0	0	0	0	0	0	0	0	0	1	0	0	2	0	0
00, 60                        	0	0	0	0	2	0	0	0	0	0	0	0	0	3	4	0	0	0	3	3	0	0	0	0	0	4	0	0	0	0	0	0	0	0	0	0	0	0	0	0	0	0	0	0	0	0	0	2	0	0	0	0	0	0	0	0	0	0	0	0	0	0	0	0	0	0	0	0	0	0	0	0	0	0	0	0
00, 70                        	0	0	2	0	4	0	0	1	0	0	0	0	3	4	3	0	0	0	3	0	0	0	0	0	0	4	0	0	0	0	0	0	0	0	0	0	0	0	0	2	0	0	0	0	0	2	0	1	0	0	0	1	0	0	0	0	0	3	0	0	1	0	0	0	0	0	0	0	0	0	0	0	2	2	0	0
00, 80                        	0	0	0	0	4	0	0	0	0	0	0	0	0	3	18	0	0	0	0	0	0	0	0	0	0	4	0	0	0	0	0	0	0	0	0	1	0	0	0	2	0	0	0	0	3	2	0	2	0	0	0	0	0	1	0	0	0	2	0	1	2	0	0	0	0	1	0	0	0	0	0	0	0	0	0	0
00, 90                        	1	0	0	1	4	0	0	0	0	0	0	0	0	3	8	0	0	0	0	0	0	0	0	0	0	4	0	0	0	0	0	0	0	0	0	1	1	2	0	0	0	0	0	0	0	2	0	0	0	0	0	0	0	2	0	0	0	3	0	0	2	0	0	0	0	1	0	0	0	0	0	0	0	2	0	0
10, 00                        	0	1	0	0	8	0	0	0	0	0	0	0	0	2	0	0	0	0	0	2	0	0	0	0	0	2	0	0	0	0	0	1	0	0	0	0	0	0	0	0	0	0	0	0	2	0	0	2	0	0	0	0	0	2	0	0	0	0	2	1	0	0	0	0	0	0	0	0	2	0	0	0	0	2	0	0
10, 10                        	0	0	0	0	2	0	0	0	0	0	0	2	2	0	0	0	0	0	3	0	0	0	0	0	3	2	0	0	0	0	0	0	0	0	0	0	0	1	0	1	0	0	0	0	0	2	0	0	0	0	0	0	0	0	0	0	0	3	0	0	0	0	0	1	0	0	0	0	0	2	0	0	0	0	0	0
10, 20                        	0	0	0	0	3	0	0	0	0	0	0	2	0	2	0	0	0	0	2	0	0	0	0	0	0	2	0	0	0	0	0	0	0	0	0	0	0	1	0	1	0	0	0	0	0	2	0	0	0	0	0	2	0	0	0	0	0	3	0	0	1	0	0	0	0	0	0	0	2	0	1	0	2	0	0	0
10, 30                        	0	0	0	0	8	0	0	0	0	0	0	2	2	2	2	0	0	0	2	0	0	2	1	0	0	2	0	0	0	0	0	0	0	0	0	0	0	1	0	0	0	0	0	0	3	2	0	0	0	0	0	0	0	1	0	0	2	0	0	2	1	0	0	0	0	0	0	3	0	1	0	0	0	2	0	0
10, 40                        	0	1	0	2	8	0	0	0	0	0	0	0	0	2	8	0	0	2	2	2	0	0	1	0	2	2	0	0	0	0	0	0	0	0	0	0	0	3	0	0	0	0	0	0	2	0	0	2	0	0	1	0	0	0	0	1	0	0	0	2	1	0	0	0	0	0	0	0	0	0	0	0	2	2	0	0
10, 50                        	0	0	0	2	2	0	0	0	0	0	0	0	0	2	3	0	0	0	0	2	0	0	0	0	0	2	0	0	0	0	0	0	0	0	0	0	0	0	0	0	0	0	0	0	0	0	0	2	0	0	0	0	0	2	0	0	0	0	0	0	0	0	0	0	0	0	0	2	0	0	0	0	0	0	0	0
10, 60                        	0	0	0	0	0	0	0	0	0	0	0	0	3	2	0	0	0	0	1	0	0	0	0	0	0	0	0	0	0	0	0	0	0	0	0	0	2	0	0	0	0	0	0	0	0	1	0	0	0	0	0	0	0	0	0	0	0	2	0	0	0	0	0	0	0	0	0	0	1	0	0	0	2	0	0	0
10, 70                        	0	0	0	0	3	0	2	0	0	0	0	0	0	3	3	0	0	0	2	0	0	0	0	0	0	3	0	0	0	0	0	0	0	0	0	1	0	0	0	1	0	0	0	0	0	2	0	0	0	0	0	2	0	2	0	0	0	2	0	1	1	0	0	0	0	0	0	0	2	0	0	0	1	2	0	0
10, 80                        	0	0	0	0	3	0	0	0	0	2	0	0	2	3	2	0	0	1	2	0	0	0	0	0	0	0	0	0	0	0	1	0	0	0	0	0	0	1	0	2	0	0	0	0	3	2	0	2	0	0	0	0	0	1	0	0	0	2	0	0	0	0	1	0	0	0	0	1	0	1	0	0	2	2	0	0
10, 90                        	0	0	0	0	3	0	0	0	0	0	0	0	0	2	3	0	0	0	2	0	0	0	0	0	0	2	0	0	0	0	2	0	1	0	0	0	0	0	0	0	0	0	0	0	0	1	0	0	0	0	0	0	0	2	0	0	0	0	0	1	0	0	0	0	0	0	0	0	0	0	0	0	0	1	0	0
20, 00                        	0	0	0	0	3	0	0	0	0	0	0	0	3	1	0	0	0	0	2	2	0	0	0	0	2	3	0	0	0	0	0	0	0	0	0	0	0	0	0	1	0	0	0	0	0	2	0	0	0	0	0	0	0	0	0	0	0	2	0	0	0	0	0	2	0	0	0	1	0	0	0	0	0	0	0	0
20, 10                        	0	0	0	0	0	0	0	0	0	0	0	0	0	2	0	0	0	0	2	0	0	0	0	0	0	2	0	0	0	0	0	0	0	0	0	0	2	2	0	0	0	0	0	0	0	2	0	0	0	0	0	0	0	0	0	0	0	3	0	0	0	0	0	0	0	0	0	0	0	0	0	0	0	0	0	0
20, 20                        	0	0	0	0	0	0	0	0	0	0	0	2	0	2	0	0	0	0	3	0	0	0	0	0	2	2	0	0	0	0	0	0	0	0	0	0	1	2	0	0	0	0	0	0	2	2	0	0	0	0	0	0	0	0	0	0	2	2	0	0	1	0	0	0	0	0	0	0	0	0	0	0	0	0	0	0
20, 30                        	0	2	0	0	18	0	0	0	0	0	0	0	0	2	0	0	0	3	2	1	0	0	0	0	0	2	0	0	0	0	0	0	0	0	0	0	0	0	0	0	0	0	0	0	2	2	0	2	0	0	0	2	0	2	0	0	0	0	0	0	1	0	0	0	0	0	0	1	0	0	0	0	0	2	0	0
20, 40                        	0	1	0	1	2	0	0	0	0	0	0	0	0	2	0	0	0	3	0	2	0	0	0	0	0	2	0	0	0	0	0	0	0	0	0	0	0	0	0	0	0	0	0	0	0	0	0	2	0	0	0	2	0	2	0	0	0	0	0	0	0	0	0	0	0	0	0	2	1	0	0	0	0	0	0	0
20, 50                        	0	0	0	0	2	0	0	0	0	0	0	0	0	2	2	0	0	1	2	0	0	0	2	0	0	2	0	0	0	0	0	0	0	0	0	0	2	0	0	2	0	0	0	0	0	2	0	0	0	0	0	0	0	1	0	0	0	2	0	0	0	0	0	0	0	0	0	2	0	0	0	0	0	0	0	0
20, 60                        	0	0	0	0	8	0	0	0	0	0	0	0	0	3	0	0	0	0	2	0	0	0	0	0	1	0	0	0	0	0	0	0	0	0	0	0	3	0	0	0	0	0	0	0	0	2	0	0	0	0	0	1	0	0	0	0	1	2	0	0	0	0	0	1	0	0	0	0	0	0	0	0	0	0	0	0
20, 70                        	0	0	0	0	0	3	0	0	0	0	0	0	0	3	0	0	0	0	3	0	0	0	0	0	2	0	0	0	0	0	3	0	0	0	0	1	2	0	0	0	0	0	0	0	0	2	0	0	0	0	0	0	0	0	0	0	0	2	0	0	0	0	0	1	0	0	0	0	0	0	0	0	0	0	0	0
20, 80                        	0	0	0	0	1	0	0	0	0	0	0	0	0	2	8	0	0	0	2	0	0	0	0	0	1	3	0	0	2	0	0	0	0	0	0	0	0	0	0	0	0	0	0	0	2	2	0	0	0	0	0	0	0	2	0	0	1	2	0	0	1	0	0	0	0	0	0	0	0	0	0	0	0	0	0	0
20, 90                        	0	0	1	0	2	0	0	0	0	0	0	0	0	2	3	0	2	0	1	0	0	0	0	0	0	2	0	0	0	0	0	0	0	0	0	0	0	0	0	0	0	0	0	0	2	2	0	2	0	0	0	0	0	2	0	0	0	1	0	0	0	0	0	0	0	0	0	0	2	0	0	0	1	0	0	0
30, 00                        	0	0	0	0	0	0	0	0	0	0	0	0	3	0	0	0	0	0	3	1	0	0	0	0	2	0	0	0	0	0	0	0	0	0	0	0	2	2	0	1	0	0	0	0	0	0	0	0	0	0	0	0	0	0	0	0	0	2	0	0	0	0	0	0	0	0	0	0	0	0	0	0	0	0	0	0
30, 10                        	0	0	0	0	0	0	0	0	0	0	0	0	0	2	4	0	0	0	3	0	0	0	0	0	0	0	0	0	0	0	0	0	0	0	0	0	0	0	0	2	0	0	0	0	0	1	0	0	0	0	0	0	0	0	0	0	0	4	0	0	0	0	0	0	0	0	0	0	0	0	0	0	2	0	0	0
30, 20                        	1	0	0	0	0	1	0	0	0	0	0	0	0	3	3	0	3	0	3	1	0	0	0	0	2	2	0	0	0	0	0	0	0	0	0	0	0	1	1	0	0	0	0	0	0	1	0	0	0	0	0	0	0	0	0	0	0	3	0	1	0	0	0	0	0	0	0	0	0	0	0	0	0	0	0	0
30, 30                        	0	0	0	0	8	0	0	0	0	0	0	0	0	3	3	0	1	3	0	2	0	0	0	0	0	4	0	0	0	0	0	0	0	0	0	0	0	0	0	0	0	0	0	0	1	1	0	2	0	0	0	0	0	3	0	0	0	0	0	2	0	0	0	0	0	0	0	2	0	0	0	0	0	1	0	0
30, 40                        	0	0	0	0	3	0	0	0	0	0	0	0	0	3	8	0	0	4	3	4	0	0	0	0	0	3	0	0	0	0	0	0	0	0	0	0	0	0	0	0	0	0	0	0	1	0	0	2	0	0	0	1	0	3	0	0	0	0	3	2	1	0	2	0	0	0	0	0	0	0	0	0	3	3	0	0
30, 50                        	0	0	0	0	4	2	0	0	0	0	0	0	4	18	4	0	0	0	0	2	0	0	0	0	2	4	0	0	0	0	3	0	0	0	0	0	2	0	0	2	0	0	0	0	1	2	0	0	0	0	0	0	0	0	0	0	0	3	0	0	1	0	0	0	0	0	0	0	0	0	0	0	0	0	0	0
30, 60                        	0	0	0	2	0	0	0	0	4	0	0	0	8	3	8	0	0	0	4	0	0	0	0	0	2	0	0	0	0	0	2	0	0	0	0	0	1	1	0	2	0	0	1	0	0	2	0	0	0	0	1	0	0	0	0	0	0	3	0	0	1	0	0	0	0	0	0	0	2	0	2	0	0	0	0	0
30, 70                        	0	0	0	0	4	0	0	0	3	0	0	0	0	4	4	0	0	0	4	0	0	0	0	0	0	0	0	0	0	0	1	0	0	0	0	0	0	2	0	2	0	0	2	0	0	3	0	0	2	0	0	0	0	0	0	0	1	0	0	1	0	0	0	0	2	0	0	0	0	0	2	0	3	0	0	0
30, 80                        	0	0	0	0	18	0	0	0	0	0	0	0	0	4	8	0	0	0	4	0	0	0	0	0	0	3	0	0	0	0	2	0	0	0	1	0	1	0	0	2	0	0	0	0	2	2	0	0	0	0	0	0	0	0	0	0	2	2	0	0	0	0	0	2	0	0	0	0	2	2	2	0	0	0	0	0
30, 90                        	0	0	0	0	4	0	0	0	0	0	0	0	0	4	18	0	0	0	4	0	0	0	0	0	0	8	0	0	0	0	0	0	0	0	0	0	0	0	0	0	0	0	0	0	4	2	0	2	0	0	0	0	0	0	0	0	0	0	0	1	0	0	2	0	0	0	0	0	2	0	0	0	0	0	0	0
40, 00                        	0	0	0	0	0	0	0	0	0	0	0	0	2	0	0	0	0	0	0	0	0	0	0	0	0	0	0	0	0	0	0	0	0	0	0	0	1	0	0	2	0	0	0	0	0	0	0	0	0	0	0	0	0	0	0	0	0	2	0	0	0	0	0	0	0	0	0	0	0	0	0	0	0	0	0	0
40, 10                        	0	0	0	0	0	0	0	0	3	0	0	2	2	2	3	0	0	0	2	1	0	0	0	0	2	0	0	0	0	0	0	0	0	0	0	0	2	0	0	0	0	0	0	0	0	2	0	0	0	0	0	0	0	0	0	0	0	2	0	0	0	0	0	0	0	0	0	0	0	0	0	0	2	0	0	0
40, 20                        	0	0	0	0	3	0	0	0	0	0	0	0	0	2	3	0	0	0	0	2	0	0	0	0	0	2	0	0	0	0	0	0	0	0	0	0	0	0	0	2	0	0	0	0	0	2	0	2	0	0	0	0	0	2	2	0	0	2	0	1	0	0	0	0	0	0	0	0	0	0	0	0	0	2	0	0
40, 30                        	0	0	0	0	2	0	0	1	0	1	0	0	2	2	8	0	0	1	2	1	0	0	0	0	0	3	0	0	0	0	0	0	0	0	0	0	0	0	0	2	0	0	0	0	2	2	0	2	0	0	0	0	0	2	0	0	0	0	0	0	1	0	2	0	0	0	0	0	0	0	0	0	1	2	0	0
40, 40                        	0	0	0	0	8	0	0	0	0	0	0	0	0	2	3	0	0	0	0	2	0	0	0	0	0	2	0	0	0	0	2	0	0	0	0	0	0	0	0	0	0	0	0	0	0	2	0	0	0	0	0	0	0	2	0	0	0	0	0	0	1	0	0	0	0	0	0	0	0	0	0	0	0	0	0	0
40, 50                        	0	0	0	0	3	0	0	0	0	0	0	2	0	2	8	0	0	0	0	2	0	0	0	0	2	3	0	0	0	0	0	0	0	0	0	0	0	0	0	0	0	0	0	0	2	2	0	0	0	0	0	2	0	0	0	0	0	2	0	1	0	0	0	0	0	2	0	0	0	0	0	0	0	0	0	0
40, 60                        	0	0	0	0	0	0	0	0	0	0	0	0	0	0	3	0	0	0	0	0	0	0	0	0	0	0	0	0	0	0	2	0	0	0	0	0	2	0	0	2	0	0	0	0	0	2	0	0	0	0	0	0	0	0	0	0	0	2	0	0	0	0	0	2	0	0	0	0	0	0	2	0	0	0	0	0
40, 70                        	0	0	0	0	1	0	0	0	0	0	0	0	0	2	2	0	0	0	3	0	0	0	0	0	0	2	0	0	0	0	1	0	0	0	0	0	0	1	0	2	0	0	0	0	0	2	0	0	0	0	0	0	0	0	0	0	0	2	0	0	0	0	0	0	0	0	0	0	0	2	0	0	0	0	0	0
40, 80                        	0	0	0	0	2	0	0	0	0	0	0	0	0	3	3	0	0	3	3	0	0	0	0	0	2	0	2	0	0	0	2	0	0	0	0	1	0	2	0	2	0	0	0	0	0	2	0	0	0	0	0	0	0	0	0	0	0	2	0	0	0	0	0	0	0	0	0	0	0	1	0	0	0	0	0	0
40, 90                        	0	0	0	0	0	0	0	0	0	2	0	0	0	2	3	0	0	0	2	0	0	0	0	0	0	0	0	0	0	0	2	0	0	0	0	1	2	0	0	2	0	1	0	0	0	2	0	0	0	0	0	0	0	1	0	0	0	2	0	1	0	0	0	1	0	0	0	0	0	0	0	0	0	0	0	0
50, 00                        	0	2	0	0	4	0	0	0	0	0	0	0	4	4	0	0	0	0	0	3	0	0	1	0	4	0	0	0	0	0	0	0	0	0	2	0	4	0	2	2	2	0	0	0	3	0	0	0	0	0	0	0	0	3	0	1	0	0	0	0	0	0	0	0	0	0	0	2	1	0	0	0	2	2	0	0
50, 10                        	0	0	0	0	0	0	0	0	4	0	0	0	3	0	0	0	0	0	2	0	0	0	0	0	0	0	0	0	0	0	0	0	0	0	0	0	4	0	0	0	0	0	0	0	0	0	0	0	0	0	0	0	0	0	0	0	0	3	0	0	0	0	0	0	0	0	0	0	0	0	1	0	0	0	0	0
50, 20                        	0	1	0	0	4	0	0	0	0	1	0	0	0	3	38	0	0	0	4	3	1	0	0	0	0	4	0	0	0	0	0	2	0	0	0	0	4	0	0	1	0	1	0	0	3	2	0	0	0	0	0	0	0	2	0	0	0	2	0	1	0	0	0	0	0	0	0	0	0	0	0	0	2	1	0	0
50, 30                        	0	0	0	0	8	0	0	0	0	0	0	0	0	0	8	0	2	0	3	3	0	0	0	0	0	4	0	0	0	0	2	0	0	0	0	0	0	0	0	0	0	0	0	0	4	1	2	0	0	0	0	0	0	3	0	0	1	0	0	0	0	0	0	0	0	0	0	2	0	0	0	0	0	2	0	0
50, 40                        	0	0	0	0	4	0	0	0	0	0	0	0	0	4	3	0	0	0	3	0	0	0	0	0	3	4	0	0	0	0	0	0	0	0	0	0	3	0	0	0	0	0	0	0	2	2	0	0	0	0	0	0	0	0	0	0	0	0	0	0	0	0	0	0	0	0	0	0	0	0	0	0	0	0	0	0
50, 50                        	0	0	0	0	2	0	0	0	0	0	0	0	0	3	8	0	0	0	4	0	0	0	0	0	0	2	0	0	0	0	3	0	0	0	0	0	3	1	0	2	0	1	0	0	0	2	0	0	0	0	0	0	0	0	0	0	1	3	0	0	0	0	0	1	0	0	0	0	0	0	0	0	0	0	0	0
50, 60                        	0	0	0	0	0	0	0	0	0	0	0	0	3	0	0	0	0	0	3	0	0	0	0	0	0	0	0	0	0	0	0	0	0	0	0	0	2	1	0	0	0	0	0	0	0	0	0	0	0	0	0	0	0	0	0	0	0	3	0	0	0	0	0	0	0	0	0	0	0	0	0	0	0	0	0	0
50, 70                        	0	0	0	0	0	0	0	0	0	0	0	0	0	0	18	0	0	1	8	0	0	0	0	0	0	2	0	0	0	0	3	0	0	0	0	0	3	1	0	2	0	0	0	0	0	1	0	0	0	0	0	0	0	0	0	0	0	0	0	0	0	0	0	0	0	0	0	0	0	0	1	0	0	0	0	0
50, 80                        	0	0	0	0	18	0	0	0	0	0	0	0	8	2	4	0	1	3	8	0	0	0	0	0	0	2	0	0	0	0	0	0	0	0	0	0	2	1	0	0	0	0	0	0	0	2	0	0	0	0	0	1	0	0	0	0	0	0	0	0	0	0	0	0	0	0	0	0	0	0	0	0	0	0	0	0
50, 90                        	0	0	0	0	0	0	0	0	0	0	0	0	0	4	8	0	0	2	18	0	0	0	0	0	3	0	0	0	0	0	2	0	0	0	0	0	3	2	0	2	0	0	0	0	0	2	0	0	0	0	0	0	0	0	0	0	0	3	0	0	0	0	0	3	0	0	0	0	0	0	0	0	0	0	0	0
60, 00                        	0	1	0	0	2	0	0	0	0	0	0	0	0	2	0	0	0	0	0	2	0	0	0	0	0	0	0	0	0	0	0	0	0	0	0	0	0	0	0	0	0	0	0	0	0	0	0	2	0	0	0	0	0	2	0	0	0	0	0	0	0	0	0	0	0	0	0	0	0	0	0	0	0	0	0	0
60, 10                        	0	0	0	0	0	0	0	0	8	0	0	0	2	2	2	0	0	0	0	0	0	0	0	0	1	0	0	0	0	0	0	0	0	0	0	0	3	0	0	2	0	1	0	0	0	2	0	0	0	0	0	0	0	0	0	0	0	2	0	0	0	0	0	0	0	0	0	0	0	0	0	0	0	0	0	0
60, 20                        	0	0	0	0	18	0	0	0	0	0	0	0	0	2	3	0	0	0	0	1	0	0	0	0	0	2	0	0	0	0	1	0	0	0	0	0	0	0	0	0	0	0	0	0	0	2	0	2	0	0	0	0	0	0	0	0	1	0	0	0	0	0	0	0	0	0	0	0	0	0	0	0	2	1	0	0
60, 30                        	0	0	0	0	2	0	0	0	0	0	0	0	0	0	8	0	2	2	3	1	0	0	0	0	0	2	0	0	0	0	1	0	0	0	0	0	2	0	0	0	1	0	0	0	2	2	0	0	0	0	0	2	0	0	0	0	0	2	0	2	0	0	0	0	0	0	0	0	0	2	0	0	0	0	0	0
60, 40                        	0	0	0	0	0	0	0	0	0	0	0	0	0	3	2	0	0	0	3	0	0	0	0	0	0	0	0	0	0	0	1	0	0	0	0	0	2	0	0	0	0	0	0	0	0	0	0	0	0	0	0	0	1	0	0	0	2	2	0	0	0	0	0	0	0	0	0	0	0	1	2	0	0	0	0	0
60, 50                        	0	0	0	0	0	2	0	0	0	0	0	0	0	3	2	0	0	0	0	0	0	0	0	0	0	2	0	0	0	0	2	0	0	0	0	0	2	0	0	1	0	0	0	0	0	2	1	0	0	0	0	0	0	0	0	0	0	2	0	0	0	0	0	1	0	0	0	0	0	1	0	0	0	1	0	0
60, 60                        	0	0	0	0	0	0	0	0	0	0	0	0	0	0	1	0	0	0	8	0	0	0	0	0	0	0	0	0	0	0	0	0	0	0	0	1	1	0	0	1	0	1	2	0	0	0	0	0	0	0	0	0	0	0	0	0	0	3	0	0	0	0	0	1	0	0	0	0	0	0	2	0	0	0	0	0
60, 70                        	0	0	0	0	18	0	0	0	0	0	0	0	0	3	8	0	0	0	4	0	0	0	0	0	0	4	0	0	0	0	2	0	0	0	0	0	2	0	0	1	0	0	0	0	2	3	0	1	0	0	0	0	0	0	0	0	0	0	1	0	0	0	0	0	0	0	0	0	0	0	0	0	0	0	0	0
60, 80                        	0	0	0	0	0	0	0	0	0	0	0	0	0	0	4	0	0	0	4	0	0	0	0	0	0	0	0	0	0	0	2	0	0	0	0	0	2	0	0	2	0	0	0	0	0	2	0	0	1	0	0	0	0	0	0	0	0	3	0	0	0	3	0	0	0	0	0	0	0	0	0	0	0	0	0	0
60, 90                        	0	0	0	1	8	0	0	0	0	0	0	0	0	3	3	0	0	0	18	0	0	0	0	0	2	3	0	0	0	0	3	0	0	0	0	0	4	2	0	2	0	0	0	0	0	2	0	0	0	0	0	0	0	0	0	0	2	2	0	0	0	0	0	0	0	0	0	0	0	0	0	0	1	0	0	0
70, 00                        	0	0	0	0	18	0	0	2	0	0	0	0	0	3	4	0	2	1	0	8	1	0	2	0	0	4	0	0	0	0	0	0	0	0	0	0	0	0	0	0	0	0	0	0	4	0	0	0	0	0	0	0	0	2	0	0	0	0	2	2	0	0	0	0	0	0	0	2	0	0	0	0	3	0	1	0
70, 10                        	0	0	0	2	4	0	0	0	0	0	0	0	0	3	3	0	0	0	0	2	0	0	0	0	0	0	0	0	0	0	0	2	0	0	0	0	0	0	0	0	0	0	0	0	2	0	0	2	0	0	0	2	0	2	0	0	0	0	0	1	0	0	0	0	0	0	0	0	0	0	0	0	2	2	0	0
70, 20                        	0	0	0	0	0	0	0	0	0	0	0	0	3	4	4	0	0	0	4	0	0	0	0	0	3	2	0	0	0	0	0	0	0	0	0	0	2	1	0	2	1	0	0	0	1	2	0	0	0	0	0	0	0	2	0	0	0	2	0	0	0	0	0	0	0	0	0	2	0	0	0	0	0	0	0	0
70, 30                        	0	0	0	0	0	0	0	0	0	0	0	0	3	3	8	0	0	0	4	0	0	0	0	0	0	0	0	0	0	0	1	0	0	0	0	0	2	0	0	0	0	0	0	0	0	2	0	0	0	0	0	0	0	0	0	0	0	3	0	0	0	0	0	2	0	0	0	0	0	0	0	0	0	0	0	0
70, 40                        	0	0	0	0	3	0	0	0	0	0	0	0	0	4	8	0	0	0	3	1	0	0	0	0	0	2	0	0	0	0	2	0	0	0	0	0	1	0	0	1	0	0	0	0	1	1	1	0	0	0	0	0	0	0	0	0	0	2	0	0	0	0	0	0	0	0	0	0	0	0	0	0	3	0	0	0
70, 50                        	0	0	0	0	18	0	0	0	0	0	0	0	0	4	8	0	0	1	0	3	0	0	0	0	0	4	0	0	0	0	0	0	1	0	0	0	0	0	0	0	0	0	0	0	3	2	2	0	0	0	0	0	2	0	0	0	0	0	0	0	2	0	0	0	0	0	0	0	1	1	0	0	0	1	0	0
70, 60                        	0	0	0	0	0	0	0	0	0	0	0	0	0	3	3	0	0	0	2	1	0	0	0	0	0	3	0	0	0	0	1	0	0	0	0	2	0	2	0	1	0	0	0	0	2	2	0	2	0	0	0	1	0	0	0	0	2	2	0	0	0	0	2	0	0	0	0	0	0	0	0	0	0	1	0	0
70, 70                        	0	0	0	0	0	0	0	0	0	0	0	0	2	0	3	0	0	0	3	0	0	0	0	0	0	0	0	0	0	0	2	0	0	0	0	0	2	1	0	1	0	0	0	0	0	1	0	0	0	0	0	0	0	0	0	0	0	2	0	0	0	0	0	2	0	0	0	0	0	0	0	0	0	0	0	1
70, 80                        	0	0	0	0	0	0	0	0	2	0	0	0	0	2	0	0	0	0	1	0	0	0	0	0	1	0	0	0	0	0	1	0	0	0	0	0	2	0	0	2	0	0	0	0	0	0	0	0	0	0	0	0	0	0	0	0	0	2	0	0	0	0	0	0	0	0	0	0	0	0	1	0	0	0	0	0
70, 90                        	0	0	0	0	0	0	0	0	0	0	0	0	0	2	8	0	2	0	3	0	0	0	0	0	2	3	2	0	0	0	2	0	0	0	0	0	2	0	0	0	0	0	0	0	0	2	0	0	0	0	0	0	0	0	0	0	0	2	0	0	0	0	0	0	0	0	0	0	0	0	0	0	0	1	0	0
80, 00                        	0	0	0	2	8	0	0	2	0	0	0	0	2	2	8	0	0	0	2	3	2	0	1	0	2	3	0	0	0	0	0	0	0	0	0	0	0	0	0	2	0	0	0	0	2	2	0	2	0	0	0	0	0	2	0	0	0	2	0	0	1	0	0	0	0	0	0	0	0	2	0	0	2	0	0	0
80, 10                        	0	0	0	0	8	0	0	0	0	0	0	0	0	2	8	0	0	0	2	2	0	0	2	0	2	2	0	0	0	0	0	0	0	0	0	0	1	0	0	1	0	1	0	0	2	2	0	2	0	0	0	0	0	2	0	0	0	0	0	1	0	0	0	0	0	1	0	0	0	0	0	0	1	1	0	0
80, 20                        	0	0	0	0	8	0	0	0	0	0	2	0	0	2	3	0	0	0	0	2	0	0	0	0	0	0	0	0	0	0	1	0	0	3	0	0	0	0	0	0	0	0	0	0	0	0	0	2	0	0	0	2	0	2	0	1	0	0	0	0	0	0	0	0	0	0	0	0	0	0	0	0	2	0	0	0
80, 30                        	0	0	0	1	3	0	0	0	0	0	0	0	0	2	8	0	0	0	0	2	0	0	0	0	0	2	0	0	0	0	0	0	0	0	0	0	0	0	0	0	0	0	0	0	2	0	0	2	0	0	0	0	0	1	0	0	0	0	0	0	0	0	2	0	0	0	0	0	2	0	0	0	2	1	0	0
80, 40                        	0	0	0	0	0	0	0	0	0	0	0	0	3	2	3	0	0	2	3	0	0	0	0	0	2	2	0	0	0	0	1	0	0	0	0	0	2	0	0	0	0	0	1	0	0	2	0	0	0	0	0	0	0	2	0	0	0	2	0	0	0	0	0	1	0	0	0	0	0	0	0	0	0	0	0	0
80, 50                        	0	0	0	0	0	0	0	0	0	0	0	0	0	3	8	0	0	0	2	0	0	0	0	1	0	0	0	0	0	0	2	0	0	0	0	0	2	0	0	2	0	0	0	0	0	2	0	0	0	0	0	0	0	0	0	0	0	2	0	0	0	0	0	0	0	0	0	0	0	0	2	0	0	0	0	0
80, 60                        	0	0	0	0	18	1	0	0	0	0	0	0	0	2	3	0	0	0	2	2	0	0	0	0	0	3	0	0	0	0	2	0	0	0	0	1	2	2	0	2	0	0	0	0	2	2	2	2	0	0	0	0	0	0	0	0	0	2	0	0	0	0	0	0	0	0	0	0	0	2	0	0	0	0	0	0
80, 70                        	0	0	0	0	3	0	0	0	0	0	0	0	0	2	3	0	0	0	2	1	0	0	0	0	0	2	3	0	0	0	2	0	0	0	0	2	2	0	0	2	0	0	0	0	2	2	0	0	0	0	0	1	0	0	0	0	0	2	0	0	0	0	0	0	0	0	0	0	0	0	0	0	0	0	0	0
80, 80                        	0	0	0	0	0	0	0	0	0	0	0	0	0	2	8	0	0	0	2	0	0	0	0	0	0	0	0	0	0	0	2	0	0	0	0	2	2	2	0	1	0	1	0	0	0	1	0	0	1	0	0	0	0	0	0	0	0	2	0	0	0	0	0	0	0	0	0	0	0	0	0	0	0	0	0	0
80, 90                        	0	0	0	0	0	0	0	0	0	0	0	0	2	0	0	0	0	0	1	0	0	0	0	0	0	0	0	0	0	0	2	0	0	0	0	0	4	0	0	2	0	0	0	0	0	0	0	0	0	0	0	0	0	0	0	0	0	3	0	0	0	0	0	1	0	0	0	0	0	0	0	0	0	0	0	0
90, 00                        	0	0	0	0	4	0	0	0	0	0	0	0	3	3	4	0	0	0	3	0	0	0	0	0	0	3	0	0	0	0	1	0	0	0	0	0	1	2	0	0	0	0	0	0	3	3	0	0	0	0	0	0	0	2	0	0	2	2	0	0	0	0	0	0	0	0	0	2	0	0	1	0	0	2	0	0
90, 10                        	0	0	0	0	8	0	0	0	0	0	0	0	0	3	18	0	2	0	0	0	0	0	0	0	8	3	0	0	0	0	1	0	0	0	0	0	1	2	0	1	0	0	0	0	2	2	0	0	0	0	0	0	0	0	0	0	0	4	0	0	0	0	0	0	0	0	0	0	3	0	0	0	0	1	0	0
90, 20                        	0	0	0	0	18	0	0	0	0	0	0	0	0	3	8	0	0	0	2	2	0	0	0	0	0	3	0	0	0	0	0	0	0	0	0	0	2	0	0	2	0	0	0	0	3	1	0	0	0	0	0	1	0	3	0	0	2	0	0	0	1	0	0	0	0	0	0	0	0	0	0	0	0	2	0	0
90, 30                        	0	0	0	0	18	0	0	0	0	0	0	0	0	4	8	0	0	0	3	0	0	0	0	0	0	3	0	0	0	0	0	0	0	0	0	0	1	0	0	0	0	0	0	0	4	2	0	3	0	0	0	0	0	2	0	0	0	0	0	1	1	0	0	0	0	0	0	0	0	0	0	0	0	1	0	0
90, 40                        	0	0	0	0	3	0	0	0	0	0	0	0	0	3	8	0	2	0	0	2	0	0	2	1	0	3	0	0	0	0	0	0	0	0	0	0	1	0	0	0	0	0	0	0	3	2	0	2	0	0	0	0	0	2	0	0	0	3	0	0	0	0	0	0	0	0	0	2	0	0	0	0	0	0	0	0
90, 50                        	0	0	0	0	0	0	0	0	0	0	0	0	0	3	8	0	0	0	0	0	0	0	0	0	0	0	0	0	0	0	0	0	0	0	0	0	0	2	0	2	0	0	0	0	0	1	0	0	0	0	0	0	0	0	0	0	0	4	0	0	0	0	0	0	0	0	0	0	0	0	0	0	0	0	0	0
90, 60                        	0	0	0	0	0	0	0	0	8	0	0	0	0	3	8	0	0	0	3	0	0	0	0	0	0	0	0	0	0	0	2	0	0	0	0	0	4	2	0	2	0	0	0	0	0	1	0	0	0	0	0	0	0	0	0	0	2	3	0	0	0	0	0	0	0	0	0	0	0	0	0	0	0	0	0	0
90, 70                        	0	0	0	0	4	0	0	0	0	0	0	0	0	3	8	0	0	0	4	0	0	0	0	0	0	4	0	0	0	0	1	0	0	0	0	0	2	0	0	2	0	0	0	0	2	2	0	2	0	0	0	2	0	2	0	0	1	3	0	0	0	0	0	0	0	0	0	0	0	1	0	0	0	2	0	0
90, 80                        	0	0	0	0	0	0	0	0	0	0	0	0	0	0	4	0	0	0	3	0	0	0	0	0	0	0	0	0	0	0	1	0	0	0	0	0	0	0	0	2	0	0	0	0	0	0	0	0	0	0	0	0	0	0	0	0	0	4	0	0	0	0	0	0	0	0	0	0	0	0	0	0	0	0	0	0
90, 90                        	0	0	0	0	0	0	0	0	0	0	0	0	0	0	4	0	0	0	0	0	0	0	0	0	0	0	0	0	0	0	0	0	0	0	0	0	1	0	0	2	0	0	0	0	0	1	0	0	0	0	0	0	0	0	0	0	0	4	0	0	0	0	0	0	0	0	0	0	0	0	0	0	0	0	0	0
