gradient	groups
1	14	4
2	24	4
3	33	4
4	49	4
5	61	4
6	78	4
7	88	4
8	95	4
9	107	4
10	114	4
11	123	4
12	124	4
13	144	4
14	152	4
15	172	4
16	179	4
17	182	4
18	205	4
19	218	4
20	219	4
21	228	4
22	252	4
23	256	4
24	279	4
25	282	4
26	287	4
27	309	4
28	310	4
29	317	4
30	318	4
31	328	4
32	340	4
33	360	4
34	380	4
35	388	4
36	431	4
37	438	4
38	441	4
39	446	4
40	466	4
41	499	4
42	520	4
43	529	4
44	534	4
45	538	4
46	544	4
47	548	4
48	552	4
49	560	4
50	581	4
51	586	4
52	587	4
53	594	4
54	616	4
55	619	4
56	638	4
57	652	4
58	658	4
59	670	4
60	684	4
61	685	4
62	694	4
63	704	4
64	714	4
65	715	4
66	723	4
67	725	4
68	731	4
69	734	4
70	736	4
71	747	4
72	763	4
73	811	4
74	829	4
75	830	4
76	833	4
77	837	4
78	847	4
79	850	4
80	853	4
81	860	4
82	886	4
83	901	4
84	916	4
85	934	4
86	947	4
87	954	4
88	965	4
89	973	4
90	981	4
91	985	4
92	987	4
93	997	4
94	1007	4
95	1013	4
96	1026	4
97	1027	4
98	1045	4
99	1052	4
100	1076	4
101	1083	4
102	1102	4
103	1123	3
104	1136	4
105	1138	4
106	1146	4
107	1157	3
108	1173	4
109	1176	4
110	1189	3
111	1193	3
112	1200	4
113	1214	3
114	1217	4
115	1235	3
116	1238	3
117	1245	3
118	1258	3
119	1286	3
120	1291	3
121	1297	3
122	1298	3
123	1305	3
124	1309	3
125	1330	3
126	1331	3
127	1343	3
128	1345	3
129	1368	3
130	1381	3
131	1384	3
132	1390	3
133	1395	3
134	1405	3
135	1416	3
136	1429	3
137	1443	3
138	1448	3
139	1463	3
140	1475	3
141	1496	3
142	1497	3
143	1502	3
144	1505	3
145	1509	3
146	1517	3
147	1538	3
148	1547	3
149	1554	3
150	1560	3
151	1561	3
152	1563	3
153	1566	3
154	1583	3
155	1597	3
156	1601	3
157	1602	3
158	1603	3
159	1606	3
160	1630	3
161	1638	3
162	1645	3
163	1648	3
164	1665	3
165	1675	3
166	1687	3
167	1690	3
168	1698	3
169	1758	3
170	1759	3
171	1762	3
172	1776	3
173	1779	3
174	1783	3
175	1784	3
176	1795	3
177	1801	3
178	1828	3
179	1838	3
180	1839	3
181	1852	3
182	1867	3
183	1870	3
184	1872	3
185	1882	3
186	1883	3
187	1893	3
188	1921	3
189	1943	3
190	1951	3
191	1956	3
192	1963	3
193	1965	3
194	1978	3
195	1986	3
196	1997	3
197	2013	3
198	2055	3
199	2061	3
200	2077	3
201	2078	3
202	2108	3
203	2115	3
204	2125	3
205	2131	3
206	2138	3
207	2144	3
208	2146	3
209	2153	3
210	2157	3
211	2182	3
212	2189	3
213	2222	3
214	2248	3
215	2311	3
216	2312	1
217	2313	1
218	2324	3
219	2326	3
220	2356	1
221	2367	1
222	2379	1
223	2403	1
224	2404	1
225	2409	1
226	2420	1
227	2422	1
228	2430	1
229	2438	1
230	2460	1
231	2485	1
232	2491	1
233	2512	1
234	2516	1
235	2519	1
236	2520	1
237	2524	1
238	2536	1
239	2563	1
240	2575	1
241	2579	1
242	2585	1
243	2588	1
244	2593	1
245	2595	1
246	2602	1
247	2605	1
248	2611	1
249	2627	1
250	2646	1
251	2656	1
252	2664	1
253	2668	1
254	2671	1
255	2678	1
256	2684	1
257	2692	1
258	2701	1
259	2725	1
260	2736	1
261	2755	1
262	2791	1
263	2792	1
264	2801	1
265	2809	1
266	2817	1
267	2822	1
268	2823	1
269	2833	1
270	2835	1
271	2872	1
272	2876	1
273	2893	1
274	2900	1
275	2905	1
276	2916	1
277	2918	1
278	2924	1
279	2926	1
280	2941	1
281	2949	1
282	2971	1
283	2979	1
284	2982	1
285	2989	1
286	3012	1
287	3027	1
288	3035	1
289	3040	1
290	3045	1
291	3054	1
292	3075	1
293	3077	1
294	3080	1
295	3085	1
296	3091	1
297	3125	1
298	3126	1
299	3145	1
300	3146	1
301	3161	1
302	3166	1
303	3174	1
304	3180	1
305	3189	1
306	3192	1
307	3196	1
308	3206	1
309	3209	1
310	3210	1
311	3215	1
312	3217	1
313	3226	1
314	3229	1
315	3230	1
316	3257	1
317	3289	1
318	3323	1
319	3366	1
320	3374	1
321	3378	1
322	3410	1
323	3425	1
324	3428	1
325	3438	1
326	3454	1
327	3462	2
328	3482	1
329	3483	1
330	3485	1
331	3494	1
332	3508	1
333	3529	1
334	3545	1
335	3555	2
336	3561	2
337	3567	1
338	3569	1
339	3572	2
340	3580	1
341	3605	1
342	3617	1
343	3620	2
344	3628	1
345	3630	1
346	3654	2
347	3664	1
348	3686	2
349	3721	2
350	3723	2
351	3734	2
352	3740	2
353	3745	2
354	3752	2
355	3755	2
356	3757	2
357	3759	2
358	3768	2
359	3793	2
360	3803	2
361	3809	2
362	3818	2
363	3820	2
364	3827	2
365	3836	2
366	3837	2
367	3848	2
368	3866	2
369	3880	2
370	3886	2
371	3893	2
372	3900	2
373	3902	2
374	3913	2
375	3929	2
376	3934	2
377	3935	2
378	3952	2
379	3954	2
380	3963	2
381	3965	2
382	3970	2
383	3978	2
384	3988	2
385	3994	2
386	4013	2
387	4015	2
388	4032	2
389	4040	2
390	4049	2
391	4050	2
392	4051	2
393	4053	2
394	4069	2
395	4102	2
396	4105	2
397	4109	2
398	4114	2
399	4118	2
400	4140	2
401	4149	2
402	4167	2
403	4168	2
404	4199	2
405	4219	2
406	4223	2
407	4227	2
408	4229	2
409	4233	2
410	4234	2
411	4235	2
412	4237	2
413	4239	2
414	4244	2
415	4269	2
416	4282	2
417	4285	2
418	4294	2
419	4300	2
420	4309	2
421	4316	2
422	4319	2
423	4322	2
424	4328	2
425	4337	2
426	4339	2
427	4350	2
428	4356	2
429	4358	2
430	4361	2
431	4365	2
432	4384	2
433	4394	2
434	4399	2
435	4412	2
436	4467	2
437	4469	2
438	4471	2
439	4475	2
440	4486	2
441	4507	2
442	4516	2
443	4522	2
444	4525	2
445	4527	2
446	4529	2
447	4536	2
448	4538	2
449	4547	2
450	4556	2
451	4560	2
452	4566	2
453	4580	2
454	4585	2
455	4592	2
456	4594	2
457	4597	2
458	4613	2
459	4627	2
460	4634	2
461	4635	2
462	4648	2
463	4650	2
464	4669	2
465	4678	2
466	4682	2
467	4690	2
468	4700	2
469	4715	2
470	4723	2
471	4727	2
472	4739	2
473	4742	2
474	4751	2
475	4765	2
476	4766	2
477	4779	2
478	4791	2
479	4793	2
480	4801	2
481	4805	2
482	4809	2
483	4811	2
484	4817	2
485	4818	2
486	4824	2
487	4829	2
488	4836	2
489	4859	2
490	4861	2
491	4870	2
492	4892	2
493	4900	2
494	4923	2
495	4936	2
496	4942	2
497	4963	2
498	4973	2
499	4992	2
500	4996	2
