Meadow	Acer_sp.	AchiMill	AgroCani	AgroCapi	AgroStol	AjugRept	AlchCrin	AlchGlab	AlchVulg	AlnuGlut	AlnuInca	AnemNemo	AngeSylv	AnthOdor	Betu_sp.	BlysComp	BrizMedi	BromErec	CalaEpig	CaltPalu	CardAmar	CardPrat	CarpBetu	CarxDemi	CarxDist	CarxEchi	CarxFlac	CarxFlav	CarxHirt	CarxNigr	CarxPall	CarxPani	CarxPncl	CarxTome	CentJace	CirsPalu	CirsRivu	ColchAut	CrepPalu	CrucGlab	DactFuch	DactGlom	DactInca	DactMaja	DantDecu	DeschCes	DrosRotu	EleoQUin	EpilPalu	EpilParv	EpipPalu	EquiArve	EquiFluv	EquiPalu	EquiSylv	EquiTelm	ErioAngu	ErioLati	EupaCann	EuphOffi	FestPrat	FestRubr	FiliUlma	FraxExce	GaliAlbu	GaliPalu	GaliUlig	GymnCono	HolcLana	HypeMacu	HypeTetr	JuncArti	JuncBulb	JuncCong	JuncEffu	JuncInfl	LathPrat	LeonHisp	LeucVulg	LinuCath	ListOvat	LotuCorn	LotuPedu	LuzuCamp	LuzuMult	LychFlos	LycoEuro	LysiNemo	LysiNumm	LysiVulg	LythSali	MentArve	MentLong	MoliArun	MyosNemo	NardStri	ParnPalu	PediSylv	PiceAbie	PlanLanc	PoaTriv 	PolyAmar	PolyVulg	PoteErec	PrimElat	PrunVulg	RanuAcri	RanuFlam	RanuRepe	RhinMino	RumxAcet	SalxCine	SangOffi	ScirSylv	SuccPrat	Tarx_Pal	TrifPrat	TrigPalu	TussFarf	ValeDioi	ValeSimp	ViciCrac	ViolPalu
S1      	1	0	0	0	0	0	0	0	0	0	0	0	0	2	0	0	3	0	2	3	0	0	0	2	0	2	2	3	2	3	0	6	0	0	0	0	3	2	2	2	0	0	0	2	0	0	0	0	0	0	0	0	0	0	0	0	8	0	3	0	2	0	0	0	2	0	0	0	0	0	0	3	0	0	0	1	2	0	0	0	0	0	0	0	0	2	0	0	0	0	0	0	3	0	0	0	2	0	0	0	2	0	0	3	0	0	1	0	0	0	1	0	0	2	0	0	0	0	0	0	7	0	0
S2      	0	2	2	2	0	0	0	0	0	0	0	0	0	0	0	0	3	0	0	0	0	0	0	0	0	3	0	6	0	6	0	3	0	0	0	0	2	0	0	6	0	0	0	0	0	0	0	0	0	0	3	0	0	3	0	0	0	7	0	1	0	6	0	0	0	0	0	0	3	0	0	6	0	2	0	0	0	3	2	2	0	2	0	0	0	0	0	0	0	2	0	0	0	0	0	2	0	0	0	6	0	2	2	6	0	2	6	2	0	0	0	0	0	0	0	0	0	0	0	0	0	2	0
S3      	0	0	0	0	0	0	0	0	0	1	1	0	0	0	0	5	2	0	0	0	0	0	0	0	3	0	3	0	0	2	0	7	6	0	0	0	1	0	2	0	0	0	2	2	0	0	0	0	0	0	2	0	0	5	0	0	0	3	2	0	0	0	0	0	0	0	0	2	0	0	0	3	0	0	0	0	0	0	0	0	0	0	0	0	0	0	0	0	2	2	0	0	0	5	0	0	0	0	0	0	0	2	0	3	0	0	1	0	0	0	1	0	2	0	3	0	0	3	0	3	0	0	0
S4      	0	0	0	0	2	0	0	0	0	0	0	0	0	0	0	0	2	0	0	0	0	0	0	0	2	0	3	3	2	0	0	3	5	0	1	0	1	0	0	0	0	0	0	0	0	0	0	0	0	1	2	0	0	0	0	6	6	3	1	0	0	0	0	0	0	0	0	0	0	0	2	5	0	0	0	3	0	0	0	0	0	0	0	0	0	0	0	0	0	1	3	2	0	6	0	0	0	0	0	0	0	0	0	3	0	2	0	0	0	0	1	0	3	3	2	2	0	2	0	5	0	0	0
S5      	0	0	0	0	2	2	0	0	0	0	0	0	0	2	0	0	0	0	0	3	0	0	0	0	0	0	3	5	2	0	0	5	0	0	0	0	3	2	0	2	0	0	0	3	0	0	0	0	0	0	5	2	0	3	0	0	6	3	2	0	0	3	0	0	0	3	0	0	0	0	0	3	0	0	0	5	0	0	0	2	1	0	0	0	0	0	0	0	2	2	2	0	2	0	0	0	0	0	0	0	0	0	0	3	0	2	2	0	0	0	0	0	5	5	0	0	0	0	0	0	0	0	0
S6      	0	0	0	0	2	0	0	0	0	1	0	0	2	0	0	1	0	0	0	3	0	0	0	0	0	0	3	3	2	0	0	5	8	0	0	2	5	0	0	2	0	0	2	2	0	3	0	0	0	1	3	0	3	5	0	3	5	2	2	0	0	3	0	0	0	3	0	0	0	0	0	3	0	0	0	0	3	0	0	0	0	0	0	0	0	1	0	0	2	3	2	0	3	0	2	0	2	0	0	0	3	0	0	2	0	0	2	0	0	0	2	0	1	0	0	1	0	0	0	5	2	0	0
S7      	1	0	0	1	0	2	0	0	0	0	0	0	0	3	0	0	3	0	2	2	0	0	0	0	0	0	2	7	1	0	0	3	0	7	0	1	3	0	3	0	0	2	0	1	0	0	0	0	0	0	0	0	5	7	0	1	6	0	2	0	2	2	5	0	0	0	0	2	3	0	1	2	0	1	0	0	0	0	0	0	0	0	0	0	0	2	0	0	0	2	1	1	2	0	0	0	0	0	0	0	3	0	0	2	0	0	1	0	0	0	0	0	3	0	2	0	0	0	2	0	3	1	0
S8      	0	0	0	0	0	0	0	0	0	1	0	0	0	0	1	0	0	0	0	0	0	0	0	0	0	0	7	0	0	0	0	6	0	0	0	0	2	0	0	0	0	0	1	0	0	1	0	0	0	0	3	3	2	0	0	0	8	2	2	0	0	0	1	3	0	0	0	0	0	0	0	3	0	0	0	1	1	0	0	2	0	0	0	0	0	0	0	0	0	0	0	1	0	0	0	0	2	0	0	0	0	0	0	3	0	0	0	0	0	0	0	2	1	0	3	0	0	2	2	0	2	0	0
S9      	0	0	2	0	2	0	0	2	0	0	0	0	0	0	0	0	2	0	0	0	0	0	0	0	0	5	2	2	0	7	0	6	0	0	0	2	3	0	2	0	0	0	0	0	0	0	0	0	0	0	7	3	0	5	0	0	5	3	0	0	0	2	0	0	0	0	0	0	0	0	0	2	0	0	0	0	0	2	0	2	0	0	0	0	0	0	0	2	0	0	0	0	0	0	0	0	3	0	1	0	0	0	1	5	2	5	0	0	0	0	0	0	0	0	0	0	0	0	0	0	0	0	0
S10     	0	1	0	0	3	0	0	0	0	0	0	0	0	0	0	0	2	0	0	0	0	0	0	0	0	0	3	7	0	0	0	2	2	2	0	2	1	0	1	2	0	0	0	2	0	0	0	0	0	0	0	0	0	7	0	0	0	3	2	0	2	3	0	0	0	0	0	0	0	0	2	2	0	0	0	3	1	0	0	2	0	0	0	0	0	0	0	0	2	2	5	0	2	0	0	0	0	0	0	0	0	0	0	0	0	2	2	0	3	0	0	0	0	0	0	1	2	0	3	2	0	1	0
S11     	0	0	0	0	3	0	0	0	0	0	0	0	0	0	2	0	2	0	3	3	0	0	0	0	2	0	3	3	2	0	0	3	3	0	0	1	0	0	0	0	0	1	0	2	0	0	0	0	0	0	5	0	0	3	0	0	2	6	1	0	0	3	0	0	0	0	0	0	0	0	0	2	0	0	0	3	2	0	0	2	0	0	0	0	0	0	0	0	0	3	2	0	0	0	0	0	0	0	0	0	0	0	0	3	0	0	2	0	0	0	0	0	0	0	0	0	0	0	2	5	0	0	0
S12     	1	0	0	0	0	0	0	0	0	0	0	0	0	0	0	0	0	0	0	2	0	0	0	0	0	0	0	0	0	0	0	0	7	0	0	0	2	0	0	0	0	0	0	0	0	2	0	0	0	0	0	0	0	0	0	9	0	0	3	0	0	0	2	0	0	2	0	0	0	0	0	0	0	0	0	0	0	0	0	0	0	0	0	0	0	0	1	0	0	3	2	0	0	0	0	0	0	0	0	0	0	0	0	0	0	0	0	0	0	0	0	0	0	3	0	0	0	0	0	0	7	0	0
S13     	0	0	0	0	0	2	0	0	0	0	0	0	0	0	0	0	0	0	0	0	0	0	0	0	3	0	5	5	0	5	0	6	0	3	3	0	5	2	0	3	0	2	0	0	0	0	0	0	0	0	3	2	0	5	0	0	0	2	0	0	3	2	0	1	0	2	0	0	2	0	0	0	0	0	0	7	0	2	0	0	0	2	0	0	0	0	0	0	0	3	0	3	3	0	0	0	0	0	0	0	2	0	0	5	0	0	2	0	2	0	0	0	0	3	0	0	1	0	5	0	0	0	0
S14     	0	0	0	0	0	0	0	2	0	0	0	0	2	2	0	0	0	0	0	7	2	0	0	0	0	0	0	0	0	0	0	5	1	0	0	0	7	0	2	0	0	0	0	0	0	2	0	0	0	0	0	0	0	8	0	0	6	3	2	0	0	0	0	0	0	3	0	0	0	0	0	0	0	0	0	3	0	0	0	0	0	0	0	0	0	1	2	0	0	2	2	0	2	0	2	0	0	0	0	0	3	0	0	0	0	0	3	0	0	0	2	0	0	0	0	0	0	0	0	6	0	2	0
S15     	0	0	0	0	2	0	0	0	3	0	0	0	2	0	0	0	0	0	3	6	0	0	0	0	0	0	0	0	0	2	0	5	0	0	0	0	5	0	0	1	0	0	0	2	0	0	0	0	0	0	0	0	3	3	0	8	2	0	0	0	0	0	0	0	0	0	0	0	0	0	0	0	0	0	0	3	2	0	0	0	1	0	0	0	0	0	0	0	0	2	0	0	0	0	0	0	0	0	0	0	3	0	0	3	0	0	2	0	0	0	0	0	0	3	0	0	0	0	2	8	6	0	0
S16     	0	0	6	3	0	0	0	0	0	0	0	1	0	5	0	0	2	0	0	0	0	0	0	2	0	7	0	0	0	5	2	3	0	0	0	1	0	0	0	0	2	0	0	0	2	0	0	0	0	0	0	0	0	0	2	0	0	0	0	0	0	3	0	0	0	0	0	0	2	0	0	2	0	2	0	0	0	0	0	0	0	2	0	0	0	0	0	0	0	0	0	0	0	0	1	5	0	2	0	1	0	0	0	3	0	0	2	3	0	0	0	0	0	0	0	0	0	0	0	0	0	0	7
S17     	1	0	0	0	0	0	0	0	0	0	0	0	0	0	1	0	2	0	0	2	0	0	1	0	0	2	0	0	0	7	0	6	0	0	0	2	1	0	0	0	0	0	0	2	0	0	0	0	0	0	3	2	0	6	0	0	6	3	1	0	0	1	1	0	0	2	0	0	2	0	2	3	0	0	0	2	1	0	0	0	0	0	0	0	0	0	0	0	2	2	2	0	0	0	1	0	0	0	0	0	1	0	0	3	0	0	2	0	0	0	0	0	0	2	3	0	0	0	0	0	5	0	0
S18     	1	0	0	0	0	0	0	0	0	0	0	0	0	0	0	3	0	0	0	0	0	0	1	0	0	0	2	2	0	2	0	2	0	0	0	1	0	0	0	0	0	0	0	1	0	0	0	0	0	0	3	0	0	0	0	0	6	2	0	0	0	0	0	0	0	0	0	0	0	0	0	2	0	0	0	3	0	0	0	0	0	0	0	0	0	0	0	0	0	2	0	0	0	5	0	0	2	0	0	0	0	0	0	3	0	0	0	0	0	0	0	0	0	2	3	0	0	6	1	2	0	0	0
S19     	0	0	6	0	0	0	0	0	0	0	0	0	0	3	0	0	3	0	0	0	0	0	0	0	0	6	0	0	0	6	0	2	0	0	0	0	0	0	2	0	0	0	0	3	0	0	5	0	2	0	0	0	0	0	0	0	5	0	0	0	0	5	0	0	0	2	0	0	0	0	0	0	0	0	0	0	0	2	0	0	0	0	2	0	0	0	0	0	0	2	0	0	0	0	0	0	0	0	0	1	0	0	2	5	0	0	2	0	0	2	1	0	0	0	0	0	0	0	0	0	0	0	5
S20     	0	0	5	2	0	0	0	0	0	0	0	0	0	3	0	0	0	0	0	2	0	0	0	0	0	3	0	2	0	7	0	5	0	0	0	2	0	2	2	0	0	0	0	0	0	0	0	0	0	0	0	2	0	5	0	0	5	3	0	0	2	2	0	0	0	2	0	0	0	0	0	0	0	0	3	0	0	0	0	0	0	0	6	0	2	0	0	6	0	2	0	3	0	0	3	0	0	0	0	2	0	0	0	7	0	3	0	0	0	0	2	0	0	0	0	0	2	0	0	0	0	0	2
S21     	0	1	2	0	2	0	0	0	0	0	0	0	0	0	0	0	3	0	0	0	0	0	0	0	0	0	0	0	0	2	0	3	0	0	0	3	5	0	0	1	0	0	0	2	0	0	0	0	0	0	3	0	2	5	0	3	2	2	2	3	0	2	0	0	0	0	0	2	0	0	0	0	0	0	0	0	2	2	0	2	1	0	0	0	0	0	0	0	0	2	0	0	0	0	0	0	2	0	0	0	0	0	0	7	0	2	0	0	0	0	0	0	0	0	0	0	0	0	0	0	6	2	0
S22     	0	0	1	0	0	0	1	0	0	0	0	0	2	0	0	2	2	0	0	5	0	0	0	0	0	2	0	0	0	3	0	2	0	0	0	2	2	0	3	0	0	0	0	2	0	0	0	2	0	0	7	2	6	5	0	2	3	2	0	2	0	2	0	0	0	2	0	2	0	0	0	2	0	0	0	0	1	1	0	0	0	0	0	0	0	0	0	1	0	3	0	2	0	0	0	0	2	0	0	0	0	0	0	5	0	3	2	0	0	0	0	0	0	0	0	0	0	3	1	0	6	0	0
S23     	0	0	0	0	0	0	0	0	0	0	0	0	0	0	0	0	2	0	0	0	1	0	0	0	0	5	0	3	0	6	0	6	0	0	0	2	6	0	2	2	0	0	0	3	0	0	0	0	0	0	0	0	2	5	0	0	5	5	0	0	0	3	2	0	0	0	0	2	0	0	0	5	0	0	0	0	2	0	2	2	0	0	0	0	0	0	0	0	0	2	0	0	0	0	0	0	2	0	0	1	0	0	0	3	0	5	5	0	0	2	0	0	0	3	0	0	2	2	0	0	6	2	3
S24     	0	1	2	0	0	0	1	0	0	0	0	0	0	2	0	0	2	0	0	5	0	0	0	0	0	5	0	2	0	6	0	0	0	0	0	0	5	0	3	0	0	0	0	2	0	1	0	0	2	0	0	0	2	3	0	0	5	5	0	3	0	2	2	0	0	2	0	0	0	0	0	2	0	0	0	0	2	0	0	3	0	0	0	0	0	1	0	0	0	3	0	2	0	0	2	0	0	0	0	0	0	0	0	3	0	2	6	2	1	0	0	0	0	0	0	0	0	0	0	0	7	0	0
S25     	0	0	6	0	0	0	2	1	0	0	0	0	0	1	0	0	3	0	0	2	2	2	0	0	0	5	0	0	0	7	3	6	0	0	0	0	5	0	2	0	0	0	0	2	0	3	0	0	3	0	0	2	0	2	2	0	0	0	0	0	3	2	0	0	0	2	5	0	2	0	0	2	0	5	2	0	0	2	0	2	0	2	5	3	2	2	0	1	0	3	1	5	0	0	5	2	2	0	0	5	0	0	0	2	0	2	5	2	2	0	3	0	0	0	0	0	0	0	0	0	3	2	3
S26     	0	0	5	0	0	0	0	0	0	0	0	0	0	1	1	0	2	0	0	0	0	0	0	2	0	3	0	0	0	5	0	3	0	0	0	2	0	0	0	0	0	0	0	2	0	0	6	0	0	0	0	2	0	3	1	0	5	0	0	0	0	2	0	0	0	0	0	0	1	0	0	0	2	2	2	0	0	0	0	0	0	0	2	0	0	0	0	0	0	2	0	0	0	0	0	2	0	0	0	0	0	0	0	5	0	0	0	0	0	0	0	0	0	0	0	0	0	1	0	0	0	0	5
S27     	2	0	0	0	2	0	0	0	0	0	0	0	0	0	0	0	0	0	0	0	0	0	0	0	0	1	3	0	0	2	0	5	0	0	0	0	1	0	2	0	0	0	0	2	0	0	0	0	0	0	6	0	2	6	0	0	6	3	0	0	0	0	0	0	2	0	0	0	0	0	0	2	0	0	0	0	0	0	0	0	0	0	0	0	0	0	0	0	0	0	0	0	0	7	0	0	2	0	0	0	0	0	0	5	0	0	1	0	0	0	0	0	5	0	3	0	0	0	0	0	2	0	0
S28     	0	0	0	0	0	0	6	0	2	0	0	0	0	5	0	0	3	0	0	2	0	0	0	0	0	6	0	0	0	6	0	3	0	0	0	0	2	0	3	0	2	0	0	2	0	0	0	0	0	0	0	0	0	0	2	0	3	6	0	0	0	0	2	0	0	0	0	0	0	1	0	2	0	3	3	0	0	5	0	0	0	0	5	2	2	0	0	0	0	0	0	0	0	0	0	2	0	0	0	2	0	0	2	3	0	0	2	0	0	2	2	0	0	0	0	0	2	0	0	0	0	0	2
S29     	0	0	0	0	0	0	2	0	0	0	0	0	2	3	0	0	2	0	0	0	0	2	0	0	0	2	0	0	0	5	0	3	0	0	0	2	0	0	0	2	0	0	0	2	0	0	0	3	0	2	0	3	5	0	0	0	2	3	0	0	0	5	0	0	0	2	0	0	2	0	0	2	0	0	2	0	0	0	0	2	0	0	0	2	2	2	0	0	0	3	2	0	0	0	2	2	0	0	2	0	0	2	0	2	0	5	5	0	2	0	2	0	0	0	0	0	2	6	2	0	5	0	0
S30     	0	0	3	0	0	0	0	0	0	0	0	0	0	5	1	0	0	0	0	0	0	0	0	0	0	0	0	0	0	6	0	0	0	0	0	0	0	0	3	0	0	0	0	2	0	0	0	0	0	0	0	0	2	0	3	0	2	0	0	0	0	5	0	0	0	0	0	0	0	0	0	0	0	2	0	0	0	0	0	0	0	0	2	0	0	0	0	0	0	3	0	0	0	0	0	2	0	0	0	0	0	0	0	5	0	0	0	0	0	0	1	0	0	0	0	0	0	0	0	0	0	0	2
S31     	0	0	0	0	0	0	0	0	0	0	0	0	0	0	0	0	0	0	0	0	0	0	0	5	0	5	0	0	0	6	0	5	0	0	0	0	0	0	0	0	0	0	0	2	0	0	3	0	0	0	0	0	0	5	0	0	6	0	0	0	0	0	0	0	0	0	0	0	0	0	0	0	0	0	0	0	0	0	0	0	0	0	0	0	0	0	0	0	0	3	0	2	0	0	0	3	0	2	0	2	0	0	2	0	0	0	0	2	0	0	0	0	0	0	0	0	0	0	0	0	0	0	3
S32     	0	2	2	2	0	0	5	0	2	0	0	0	0	2	2	2	2	0	0	0	0	0	0	0	0	0	0	3	0	6	0	5	0	0	0	2	2	0	2	0	0	0	0	5	0	0	0	0	0	0	5	3	0	5	0	0	2	6	0	1	0	5	0	0	0	2	0	0	0	0	0	0	0	0	0	0	0	3	2	2	2	0	5	0	2	0	0	0	0	0	0	0	0	0	0	3	0	0	0	5	0	0	0	3	0	3	3	0	0	2	0	0	0	0	0	0	0	0	0	0	2	0	0
S33     	0	0	3	0	0	0	0	0	0	0	0	0	0	5	2	0	0	0	0	0	0	0	0	2	0	3	0	0	0	6	0	6	0	0	0	3	0	0	2	0	2	0	0	0	0	0	3	0	0	0	0	6	2	0	3	0	2	0	0	0	0	3	0	0	0	0	0	0	0	2	0	0	0	0	2	0	0	0	0	0	0	3	0	0	0	0	0	0	0	0	0	0	0	0	0	3	0	3	1	0	0	0	0	5	0	2	0	0	0	0	0	0	0	0	0	0	0	0	0	0	0	0	3
S34     	0	0	2	0	0	0	0	0	0	0	0	0	0	2	0	0	0	0	0	0	0	0	0	6	0	5	0	0	0	3	0	6	0	0	0	2	0	0	2	0	2	0	0	0	0	0	6	0	1	0	0	5	0	0	3	0	2	0	0	0	0	2	0	2	0	0	0	0	0	0	0	2	3	0	2	0	0	0	0	0	0	0	0	0	0	0	0	0	0	0	0	0	0	0	0	2	0	2	2	0	0	0	0	3	0	1	0	0	0	0	1	0	0	0	0	0	0	0	0	0	0	0	3
S35     	0	0	3	0	0	0	0	0	0	0	0	0	0	5	0	0	2	0	0	2	0	0	0	2	0	3	0	0	0	5	0	3	0	0	0	2	0	0	3	0	0	0	0	0	0	0	0	0	3	0	0	0	6	0	0	0	2	0	0	0	0	2	0	0	0	2	0	0	0	0	0	0	0	0	2	0	0	0	0	0	0	0	2	0	2	2	0	0	0	6	0	1	0	0	2	0	0	0	0	0	0	0	0	0	0	0	1	2	0	0	0	0	0	0	0	0	0	0	0	0	0	0	3
S36     	0	0	5	0	0	0	0	0	0	0	2	0	1	3	1	0	2	0	0	0	0	0	0	3	0	0	0	0	0	5	0	6	0	0	0	2	0	0	0	0	0	0	0	2	2	0	5	0	2	0	0	0	3	0	0	0	7	0	0	0	0	3	0	1	0	2	0	0	0	0	0	0	0	0	0	0	0	0	0	0	0	0	3	0	0	0	1	0	0	0	0	0	0	0	0	2	0	2	1	0	0	0	0	5	0	0	0	0	0	0	0	0	0	0	0	0	0	0	0	0	0	0	3
S37     	0	0	0	0	2	1	0	0	1	0	0	0	0	0	0	0	3	1	0	0	0	0	0	0	0	0	7	0	0	2	0	6	0	0	5	0	2	2	0	2	0	2	0	2	0	0	0	0	0	0	0	2	2	0	0	0	7	3	2	0	0	2	0	0	2	0	0	0	2	0	0	3	0	0	0	0	0	0	2	2	0	0	0	0	0	0	0	0	0	2	2	2	0	0	0	0	0	0	1	0	0	0	0	2	0	2	0	0	0	0	0	0	2	0	5	0	0	2	2	0	0	0	0
S38     	0	1	0	0	0	2	0	1	0	0	0	0	1	0	0	0	0	0	0	2	0	0	0	0	0	2	2	0	0	7	0	6	0	0	0	0	3	2	5	3	0	0	0	2	0	0	0	0	0	0	0	0	0	6	0	0	2	0	1	0	0	5	2	0	0	0	0	0	0	0	0	0	0	0	0	0	2	0	0	0	2	0	0	0	2	2	0	0	0	0	0	1	2	0	0	0	0	0	0	0	1	0	0	5	0	0	2	0	0	0	0	0	5	2	0	0	0	0	0	0	2	2	0
S39     	0	0	0	0	0	2	0	0	0	0	0	3	0	2	0	2	3	0	0	0	0	0	1	0	0	5	2	3	0	3	0	7	0	0	2	0	6	0	0	2	0	0	0	2	0	0	0	0	0	0	5	2	3	0	0	0	5	6	0	0	0	3	0	0	2	0	0	0	0	0	0	2	0	0	2	0	0	2	2	1	2	0	0	0	0	0	0	0	0	1	1	0	0	0	0	0	0	0	0	2	0	0	0	2	2	5	2	0	0	0	0	0	0	0	6	0	0	2	0	0	0	0	0
S40     	0	0	0	0	3	2	0	2	0	0	2	0	0	2	0	0	2	0	0	0	0	0	0	0	0	2	0	5	0	3	2	7	0	0	0	0	3	2	2	2	1	0	0	2	0	0	0	0	0	0	0	0	0	7	0	0	0	7	0	0	0	5	2	0	0	0	0	0	1	0	0	5	0	0	0	0	0	0	0	2	1	1	0	0	0	0	0	0	0	0	1	0	0	0	0	0	2	0	0	0	0	2	0	2	2	0	2	0	0	0	0	0	3	0	0	0	0	2	2	0	5	1	0
S41     	0	0	2	0	0	2	0	0	0	2	0	0	0	2	0	0	0	0	0	0	0	0	0	0	0	2	0	3	0	2	0	7	0	0	0	2	3	2	1	2	0	0	0	3	0	0	0	0	0	0	1	0	0	0	0	0	6	0	0	0	0	0	3	0	0	2	0	0	0	0	0	0	0	3	0	0	0	0	0	0	0	0	0	0	0	0	0	0	0	3	0	2	0	0	2	0	0	0	0	0	0	0	0	3	0	0	0	0	0	0	0	0	5	2	0	0	0	0	0	0	2	0	0
S42     	0	0	2	0	0	0	0	0	0	0	0	0	0	5	0	0	2	0	0	2	1	1	0	2	0	6	0	3	0	6	0	6	0	0	0	3	0	0	2	0	0	0	0	2	0	0	2	2	2	0	0	2	2	0	0	0	5	0	0	0	0	3	0	0	0	2	0	0	0	0	0	0	2	0	2	0	0	2	0	2	0	2	2	1	0	1	0	0	0	1	0	1	0	0	1	3	0	5	0	0	0	0	1	3	0	5	2	2	0	0	0	0	0	0	2	0	0	0	0	0	2	0	3
S43     	0	0	5	0	0	0	0	0	0	0	0	0	0	3	0	0	0	0	0	0	0	0	0	0	0	5	0	0	0	5	0	2	0	0	0	0	0	0	0	0	0	0	0	0	0	0	0	0	0	0	0	0	2	0	0	0	2	0	0	0	0	2	0	0	0	0	0	0	0	0	0	0	0	0	2	0	0	0	0	0	0	0	0	0	2	0	0	0	0	0	0	0	0	0	0	3	0	0	0	0	0	0	0	2	0	0	0	0	0	0	0	0	0	0	0	0	0	0	0	0	0	0	2
S44     	0	0	2	0	0	0	0	0	0	0	2	0	0	2	0	0	0	0	0	0	0	0	0	0	0	2	0	0	0	5	0	1	0	0	0	0	0	0	1	0	0	0	0	1	0	0	6	0	0	0	0	0	0	0	0	0	2	0	0	0	0	2	0	0	0	1	0	0	0	0	0	0	0	0	0	0	0	0	0	0	0	0	0	0	0	0	0	0	0	0	0	0	0	0	0	5	0	0	0	0	0	0	0	2	0	0	0	0	0	0	0	0	0	0	0	0	0	0	0	0	0	0	0
S45     	1	0	3	2	0	0	0	0	0	0	0	0	0	3	0	0	0	0	0	0	0	0	0	2	0	6	0	0	0	5	0	0	0	0	0	1	0	0	2	0	0	0	0	2	0	0	3	0	2	0	0	0	0	0	0	0	5	0	0	0	0	3	0	0	0	2	0	0	0	0	0	0	0	0	0	0	0	0	0	0	0	0	2	0	0	0	0	0	0	0	0	2	0	0	0	3	0	2	0	0	0	0	0	3	0	0	0	2	0	0	0	0	0	0	0	0	0	0	0	0	0	0	3
S46     	2	0	3	0	0	0	0	0	0	0	0	0	0	0	1	0	0	0	0	0	0	0	0	0	0	3	0	0	0	6	0	2	0	0	0	0	0	0	0	0	0	0	0	2	3	0	6	0	0	0	0	0	0	0	2	0	5	0	0	0	0	0	0	0	0	0	0	0	0	0	0	0	3	0	2	0	0	0	0	0	0	0	0	0	0	0	0	0	0	0	0	0	0	0	0	5	0	0	1	0	0	0	0	5	0	0	0	0	0	0	0	0	0	0	0	0	0	0	0	0	0	0	2
S47     	0	0	5	0	0	0	0	0	0	0	0	0	0	3	0	0	0	0	0	0	0	0	0	2	0	2	0	0	0	5	0	2	0	0	0	0	0	0	0	0	0	0	0	0	0	0	0	0	0	0	0	0	0	2	2	0	5	0	0	0	0	2	0	0	0	0	0	0	0	0	0	0	0	0	2	0	0	0	0	0	0	0	2	0	0	0	0	1	0	2	0	0	0	0	0	3	0	2	0	0	0	0	0	5	0	0	0	0	0	0	0	0	0	0	0	0	0	0	0	0	0	0	2
S48     	0	0	0	0	0	2	0	0	0	0	0	0	2	0	0	3	5	0	0	2	0	0	0	0	3	0	3	5	1	2	0	6	0	0	1	2	7	0	0	2	0	0	0	0	0	0	0	0	0	0	2	2	0	5	0	5	3	3	3	0	0	3	0	0	0	0	0	0	0	1	0	5	0	0	0	5	2	0	0	0	0	0	0	0	0	0	3	0	3	3	0	0	3	0	0	0	0	0	0	0	0	0	0	2	0	2	2	0	0	0	0	0	2	6	0	0	0	0	3	0	0	2	0
S49     	0	0	3	0	0	0	0	0	0	0	2	0	0	0	0	0	0	0	0	0	0	0	0	0	0	0	0	0	0	5	0	2	0	0	0	0	0	0	0	0	0	0	0	2	0	0	5	0	0	0	0	0	0	0	3	0	6	0	0	0	0	0	0	0	0	0	0	0	0	0	0	0	0	0	0	0	0	0	0	0	0	0	0	0	1	0	0	0	0	0	0	0	0	0	0	5	0	0	0	0	0	0	0	3	0	0	0	0	0	0	0	0	0	0	0	0	0	0	0	0	0	0	1
S50     	0	0	3	2	0	0	0	0	0	0	0	0	0	2	0	0	0	0	0	0	0	0	0	0	0	0	0	0	0	5	0	3	0	0	0	2	0	0	0	0	0	0	0	2	0	0	3	0	0	0	0	0	0	0	5	0	5	0	0	0	0	2	0	0	0	0	0	0	0	0	0	0	0	0	0	0	0	0	0	0	0	0	0	0	0	0	0	0	0	0	0	0	0	0	0	7	0	0	0	0	0	0	0	5	0	0	0	0	0	0	0	0	0	0	0	0	0	0	0	0	0	0	2
S51     	0	0	0	0	0	0	0	0	0	0	0	0	0	0	0	0	2	1	0	0	0	0	1	0	0	0	3	2	0	0	0	3	5	0	0	0	2	0	3	0	0	0	0	3	0	0	0	0	0	0	5	0	0	7	0	0	0	6	0	0	0	2	0	0	0	0	0	2	0	0	0	0	0	0	0	0	0	0	0	0	0	0	0	0	0	0	0	0	0	2	0	0	0	5	0	0	2	0	0	0	0	2	0	6	0	0	0	0	0	0	0	2	2	2	6	0	0	3	0	5	0	0	0
S52     	1	0	0	0	0	0	0	0	0	0	0	0	0	0	0	0	2	1	0	0	0	0	1	0	0	0	6	2	0	0	0	5	2	2	0	0	0	0	0	0	0	0	0	0	2	0	0	0	0	0	2	0	0	3	0	0	7	6	2	0	0	0	0	0	0	0	0	2	0	0	0	2	0	0	0	2	0	0	0	0	0	0	0	0	0	0	0	0	0	1	0	0	0	0	0	0	0	0	0	0	0	0	0	3	0	0	0	0	0	0	0	0	0	0	2	0	0	3	0	3	0	0	0
S53     	1	0	0	0	2	3	0	0	0	0	0	0	2	0	1	0	2	0	0	0	0	0	0	0	0	0	3	2	1	2	0	6	2	0	0	0	3	2	0	0	0	2	2	0	0	0	0	0	0	0	0	0	0	5	0	7	6	2	3	0	0	2	0	0	0	0	0	2	0	0	3	2	0	0	0	3	0	0	0	2	0	0	0	0	0	0	0	0	2	2	3	0	0	0	0	0	0	0	0	0	0	2	0	0	0	0	2	0	0	0	0	0	0	3	2	2	0	2	5	6	0	0	0
S54     	0	0	0	0	2	2	0	0	0	0	0	0	2	1	0	0	2	2	0	0	0	0	0	0	0	2	0	0	0	3	0	6	0	0	0	0	6	0	0	2	0	0	0	3	0	0	0	0	0	0	0	0	0	1	0	0	6	3	2	0	0	2	0	0	0	0	0	0	2	0	2	2	0	0	0	2	2	0	0	0	0	0	0	0	0	2	0	0	0	2	2	0	0	0	0	0	0	0	0	0	0	0	0	2	0	0	2	0	0	0	0	0	2	2	6	0	0	3	0	0	3	2	0
S55     	0	0	2	1	0	0	0	0	0	2	0	0	1	2	0	0	0	0	0	0	0	2	0	0	0	3	0	0	0	3	0	3	0	0	0	5	0	0	2	0	0	0	0	2	0	0	0	0	3	0	0	0	0	2	0	0	5	0	0	0	0	3	1	0	0	2	1	0	2	0	0	0	0	0	0	0	0	0	0	0	0	0	0	0	2	0	0	0	0	0	0	0	0	0	2	0	0	0	0	0	0	0	0	3	0	0	2	0	0	0	0	2	2	3	0	0	0	0	0	0	0	0	0
S56     	0	1	0	0	2	0	0	3	3	0	0	2	0	5	0	0	2	1	0	2	0	2	0	0	0	2	0	3	0	5	2	5	0	0	0	0	7	2	2	3	0	0	0	5	0	0	0	0	0	0	0	0	0	3	0	0	6	3	0	0	2	2	2	0	0	0	0	0	0	0	0	3	0	0	2	0	2	2	2	0	0	0	0	0	2	2	0	0	2	0	0	0	0	0	2	0	0	0	0	0	2	0	0	3	2	0	3	0	0	2	2	0	2	0	0	0	2	0	0	0	5	0	0
S57     	0	0	0	0	0	0	0	0	0	0	0	0	0	0	0	0	2	1	0	0	0	0	0	0	0	0	7	0	0	5	0	5	0	2	2	0	5	0	0	0	0	0	0	3	2	0	0	2	0	0	3	0	2	3	0	0	6	6	3	0	0	0	0	0	0	0	0	0	0	0	0	2	0	0	0	1	0	0	0	0	0	0	0	0	0	0	0	0	0	0	0	0	0	0	0	0	0	0	0	0	0	0	0	5	0	0	0	0	0	0	0	0	0	0	0	0	0	3	0	0	0	0	0
S58     	2	2	0	1	0	3	2	2	0	1	0	2	0	2	0	2	2	0	0	2	0	0	0	0	0	2	0	2	0	5	0	5	0	0	2	1	3	0	2	3	0	0	0	3	0	0	0	0	0	1	3	2	0	2	0	0	6	5	0	0	2	2	0	0	0	2	0	0	2	0	0	2	0	2	0	0	2	5	3	2	0	0	0	0	0	2	0	0	0	0	0	0	0	0	2	0	3	0	0	2	0	2	0	3	2	3	3	0	0	0	1	0	0	2	0	0	2	0	0	0	0	2	0
S59     	0	2	0	0	2	0	0	0	0	0	0	0	0	0	2	0	3	0	0	0	0	0	0	0	0	0	6	2	0	0	0	5	0	0	0	3	2	0	2	0	0	0	0	2	2	0	0	0	0	0	2	2	0	0	0	0	7	6	0	0	0	2	0	0	0	0	0	2	2	0	0	5	0	0	0	2	0	2	0	3	0	0	0	0	0	0	0	0	0	0	0	2	2	0	0	0	3	0	0	0	0	0	0	5	0	2	2	0	0	0	0	2	3	0	0	2	0	2	0	5	0	0	0
S60     	0	0	0	0	2	0	0	0	0	0	0	0	0	2	0	2	5	0	0	0	0	0	0	0	5	0	3	5	1	5	0	5	3	2	3	0	3	0	0	0	0	0	0	2	2	0	0	0	0	0	2	2	0	5	0	7	3	7	2	0	0	2	0	0	0	0	0	0	0	0	0	3	0	0	0	2	0	2	0	0	0	0	0	0	0	0	2	0	2	5	0	0	1	0	0	0	0	0	0	2	2	0	0	2	0	2	5	0	2	0	0	0	0	3	2	2	0	2	0	3	0	0	0
S61     	0	0	0	0	2	3	0	0	0	0	0	0	0	0	0	2	3	0	0	0	0	0	0	0	2	0	2	2	0	6	0	5	7	1	5	0	6	2	0	2	0	0	0	3	0	0	0	0	0	0	2	2	0	5	0	0	2	6	1	0	1	3	0	1	0	0	0	0	2	0	0	2	0	0	0	2	1	2	2	0	0	1	0	0	0	0	0	0	2	3	1	1	0	0	0	0	0	0	0	2	0	0	0	5	2	2	3	0	3	0	0	0	0	2	0	2	0	2	6	0	0	0	0
S62     	0	0	2	0	0	0	0	0	0	0	0	0	0	2	0	0	5	0	0	1	0	0	0	0	0	0	0	0	0	2	0	6	0	0	0	2	2	0	2	0	0	0	0	5	0	0	0	0	0	0	2	0	5	5	0	0	5	3	0	0	0	2	3	0	0	2	2	0	2	0	0	3	0	0	0	0	0	2	0	5	0	0	0	0	0	0	0	0	0	2	0	0	0	0	0	0	0	0	0	2	0	0	0	5	0	2	3	0	0	0	0	0	0	0	0	1	5	0	0	0	6	0	0
S63     	0	0	0	0	1	0	0	2	0	0	0	0	0	2	1	2	3	0	0	0	0	0	0	0	0	3	0	2	0	3	0	6	0	0	0	2	3	0	2	2	0	0	0	0	0	0	0	5	0	0	6	2	0	7	0	0	3	6	0	0	0	2	0	0	0	0	2	0	2	0	0	2	0	2	0	0	0	3	0	5	1	2	0	0	0	0	0	0	0	0	0	0	0	0	0	0	0	0	0	0	0	0	0	5	0	3	2	0	0	0	0	0	0	0	0	0	0	2	0	0	6	2	0
S64     	0	1	5	0	0	0	0	0	0	0	0	0	3	3	0	0	2	0	0	0	0	0	0	3	0	5	0	2	0	5	0	6	0	0	0	5	2	0	2	0	0	0	0	2	0	0	0	0	2	0	0	0	2	0	2	0	7	0	0	0	0	2	0	0	0	2	5	0	0	0	0	0	2	0	0	0	0	0	0	0	0	0	5	2	1	1	2	0	0	0	0	2	0	0	0	5	0	0	0	0	0	0	0	6	0	0	2	0	1	0	0	0	0	0	0	0	0	0	0	0	0	0	2
S65     	0	0	0	0	2	0	0	0	0	0	0	0	0	0	0	0	5	0	0	0	0	0	0	0	0	0	5	5	0	0	0	2	2	0	0	2	0	0	0	0	0	0	2	0	0	0	0	3	0	0	2	1	2	0	0	0	6	3	5	0	0	3	2	0	0	0	0	0	0	0	0	3	0	0	0	2	0	1	0	1	0	0	0	0	0	0	0	0	0	0	2	0	1	0	0	0	2	0	0	2	0	0	0	2	0	0	0	0	0	0	0	0	0	0	5	1	0	6	2	3	0	0	0
S66     	0	0	0	0	3	0	0	0	0	0	0	0	5	2	0	0	2	0	0	5	1	0	0	0	0	0	3	2	0	7	0	5	7	0	0	0	3	0	2	0	0	0	0	2	0	0	0	0	0	0	0	0	0	5	0	0	3	5	0	0	3	6	0	0	0	0	0	0	3	0	0	3	0	0	0	0	2	0	0	0	0	2	0	0	0	2	0	0	2	2	0	0	0	0	2	0	0	0	0	0	2	0	0	0	0	0	3	0	0	0	2	0	0	2	0	0	2	0	0	3	0	2	0
S67     	0	0	2	0	0	2	0	0	0	0	0	0	0	0	0	0	0	0	2	0	0	0	0	0	0	3	0	3	0	2	0	7	0	0	0	0	5	0	3	2	0	0	0	2	0	0	0	0	0	0	7	0	0	6	0	0	6	2	0	0	0	5	0	0	2	2	0	0	0	0	0	0	0	0	0	0	0	0	0	0	2	0	0	0	0	0	0	5	0	0	0	3	0	0	0	0	0	0	0	0	0	0	0	3	0	2	0	0	0	0	0	0	0	0	0	0	0	0	0	0	0	0	0
S68     	2	0	5	0	0	0	0	0	0	0	0	3	0	3	1	0	3	0	0	0	0	0	0	0	0	5	0	0	0	0	0	3	0	0	0	3	0	0	2	0	0	0	0	1	0	0	1	0	0	0	0	0	0	0	2	0	2	0	0	0	0	5	0	0	0	2	0	0	3	0	0	0	0	0	0	0	0	2	0	0	0	0	2	0	0	0	0	0	0	2	0	1	0	0	0	2	0	0	2	0	0	0	2	5	0	0	0	0	0	0	0	0	0	0	0	0	0	0	0	0	0	0	2
S69     	2	0	0	0	0	0	3	0	5	0	0	0	2	3	0	0	5	0	0	0	3	0	0	0	0	6	0	2	0	6	1	5	0	0	0	0	6	0	0	3	0	2	0	0	0	0	0	0	5	0	0	0	0	0	0	0	6	5	0	0	3	5	0	0	0	0	0	0	0	2	0	0	0	2	2	0	3	0	0	2	0	0	0	0	0	2	0	0	0	0	0	2	0	0	5	0	0	0	0	2	0	0	0	3	2	0	3	0	0	0	3	0	0	0	0	0	0	0	0	0	0	2	0
S70     	0	0	0	0	2	2	0	0	0	0	0	0	0	2	0	0	3	0	0	3	0	0	0	0	0	0	5	2	0	7	0	5	0	0	0	0	5	0	0	0	0	0	0	0	0	0	0	0	1	2	3	2	0	0	0	0	5	6	0	0	2	3	0	0	0	0	0	0	0	1	0	2	0	0	2	3	3	0	0	0	0	0	0	2	0	0	0	0	2	0	0	0	0	0	0	0	0	0	0	0	2	0	0	5	0	0	0	0	0	0	0	2	0	5	0	0	0	0	0	0	6	2	0
