PLOT	ELEVATION	SLOPE	ASPSSW	HEAT.LOAD	SURFSL	SURFIS	LITHIC	SKELETIC	CAMBISOL	FLUVISOL	SOILDPT	pH	COVERE3	COVERE2	COVERE1	COVERE0	COVERE32	GROUP	SPEC.NO	TBV.NO	TRANSECT	LIGHT	TEMP	CONT	MOIST	REACT	NUTR
1	440	30	157.5	0.95	1	1	0	0	1	0	18.00	5.10	35	15	40	1	44.75	1	33	555439	1	6.35	5.45	4.22	3.96	5.59	3.17
2	420	37	177.5	1.016	0	-1	1	0	1	0	11.00	4.09	50	20	15	15	60	1	33	555442	1	6.72	5.67	4.14	3.85	5.43	3.1
3	440	30	137.5	0.859	1	1	0	0	1	0	28.17	4.10	60	30	70	10	72	1	36	555440	2	6.56	5.55	4.39	4.04	6.05	3.9
4	425	50	147.5	0.93	0	1	1	0	1	0	15.33	4.15	15	15	15	30	27.75	1	26	555441	2	6.64	5.53	4.14	3.86	5.65	3
5	405	50	137.5	0.85	-1	-1	0	1	0	1	44.67	5.35	80	60	100	1	92	2	29	555607	2	6.19	5.5	3.77	6.52	6.71	6.46
6	435	5	137.5	0.699	-1	0	0	1	1	1	32.50	5.09	80	50	95	10	90	2	43	555608	3	5.73	5.44	3.91	6.75	6.75	7.1
7	450	35	147.5	0.931	0	1	0	1	1	0	12.67	3.58	70	15	20	5	74.5	3	14	555609	3	4.86	5.3	4.29	5.1	5.17	5.82
8	475	35	137.5	0.871	1	1	0	0	1	0	8.00	3.77	20	40	30	5	52	3	22	555610	3	5.86	5.23	4	5	5.36	5.44
9	440	65	177.5	0.955	1	-1	1	0	1	0	8.50	3.75	5	8	20	25	12.6	1	28	555611	4	6.18	5.63	4.09	4.8	5	3.32
10	460	70	127.5	0.624	1	1	1	0	0	0	3.83	3.81	7	10	5	50	16.3	1	21	555612	4	6.57	5.83	4.06	3.69	4.25	2.87
11	435	15	172.5	0.827	-1	0	0	1	0	1	35.17	4.28	90	40	70	5	94	2	43	555613	5	5.48	5.43	3.53	6.63	6.11	6.45
12	450	35	172.5	0.988	0	0	1	0	1	0	5.00	3.81	40	20	10	10	52	1	24	555614	5	6.13	5.77	3.79	4.38	4.77	3.74
13	475	30	117.5	0.731	-1	0	0	0	1	0	20.50	4.83	15	30	80	1	40.5	3	41	555615	6	6.79	5.55	3.93	4.18	5.8	3.97
14	455	30	117.5	0.731	0	0	0	0	1	0	32.33	4.02	60	40	40	5	76	3	36	555616	6	6.41	5.67	3.93	4.43	5.32	3.97
15	435	5	147.5	0.706	0	0	0	1	0	1	42.67	4.61	90	40	80	15	94	2	37	555617	7	5.91	5.63	3.85	6.84	6.5	6.43
16	450	55	147.5	0.911	-1	-1	1	1	0	0	18.17	4.27	70	70	30	40	91	3	33	555618	7	5.22	5.41	3.7	5.22	5.53	5.73
17	470	30	127.5	0.798	0	-1	0	1	0	0	19.00	4.66	70	30	60	5	79	1	30	555619	7	5.55	5.37	3.96	5.04	6.17	5.79
18	495	15	112.5	0.7	0	1	1	0	1	0	14.17	3.82	60	15	60	5	66	1	26	555620	8	5.2	5.43	3.64	4.79	4.77	5.05
19	485	55	127.5	0.732	1	-1	1	0	1	0	16.67	3.75	40	5	15	20	43	1	17	555621	8	5.63	5.22	3.79	4.5	4.83	4.07
20	470	40	157.5	0.993	0	-1	1	1	0	0	21.50	4.16	70	15	15	50	74.5	3	17	555622	8	5.19	5.67	3.5	5.33	5	5.79
21	450	35	137.5	0.871	0	-1	1	0	0	0	0.50	3.44	5	2	1	10	6.9	1	12	555623	8	5.08	5.25	3.75	5.71	4.14	4.89
22	435	10	137.5	0.742	-1	0	0	0	1	1	38.00	4.01	85	60	80	5	94	2	34	555624	8	5.75	5.48	3.79	6.5	5.9	6.33
23	445	30	107.5	0.663	0	-1	1	1	0	0	12.50	3.75	50	10	70	60	55	3	21	555625	9	4.71	5.6	3.65	5.12	4.82	5.55
24	465	35	147.5	0.931	0	-1	1	0	1	0	13.33	3.60	75	5	30	30	76.25	1	29	555626	9	5.48	5.33	3.8	5	4.31	4.52
25	485	30	167.5	0.973	0	-1	1	0	1	0	15.67	3.55	50	30	45	20	65	1	17	555627	9	5.88	5.33	4.07	4.8	3.83	5.23
26	515	45	87.5	0.441	0	-1	0	1	1	0	29.67	3.95	70	60	60	10	88	4	15	555628	10	4.6	5.1	3.64	5	6.25	6.46
27	495	32	87.5	0.522	0	-1	0	1	1	0	24.50	3.79	70	30	80	30	79	3	20	555629	10	5.16	5.17	3.8	5.4	5	5.71
28	475	30	67.5	0.428	-1	0	0	1	1	0	15.50	3.58	30	40	50	50	58	3	18	555630	10	4.94	4.83	3.88	5.33	4.5	5.93
29	455	45	77.5	0.376	0	0	0	0	1	0	35.50	3.86	50	30	50	20	65	3	25	555631	10	4.71	5	3.95	5.67	5.46	6.1
30	440	20	77.5	0.544	-1	0	0	1	0	1	30.00	4.13	70	40	80	20	82	2	44	555632	10	5.51	5.34	3.95	6.54	6.38	6.59
31	450	25	127.5	0.79	-1	0	0	1	0	1	22.50	6.41	85	50	70	5	92.5	2	52	555450	11	5.33	5.38	3.64	6	6.63	6.26
32	475	45	117.5	0.688	0	1	0	0	1	0	27.17	6.76	80	10	60	5	82	3	31	555451	11	5.03	5.28	3.72	4.74	6.81	5.16
33	500	50	127.5	0.759	1	0	1	0	1	0	12.50	6.14	70	20	60	10	76	3	41	555452	11	5.74	5.39	3.83	4.44	6.28	4.41
34	485	45	97.5	0.515	1	0	1	0	1	0	36.67	4.14	85	40	30	15	91	3	24	555453	12	5.38	5.35	3.89	4.94	6.64	5.9
35	470	35	107.5	0.646	0	-1	0	1	0	0	20.17	4.08	60	5	60	10	62	3	17	555454	12	4.94	5.5	3.88	4.87	6.3	5.64
36	455	35	107.5	0.646	0	1	0	1	1	0	20.67	5.15	75	25	50	10	81.25	3	28	555455	12	4.5	5.25	3.88	5.25	6.85	6.19
37	450	25	102.5	0.884	-1	0	0	0	1	1	27.50	4.46	50	70	30	5	85	2	41	555633	13	5.74	5.48	3.93	5.9	5.33	5.16
38	475	55	112.5	0.975	1	1	1	0	0	0	9.00	3.80	45	10	35	40	50.5	1	11	555634	13	6	4.67	4	4.4	2.4	2.83
39	495	47	152.5	0.961	1	1	1	0	1	0	16.33	3.61	40	5	25	10	43	1	9	555635	13	6	5.5	3.63	4.67	2	3.33
40	505	17	112.5	0.843	0	1	0	0	1	0	32.33	3.76	70	5	70	5	71.5	1	20	555636	13	5.74	5.38	3.94	5.25	3.73	4.57
41	505	30	122.5	0.973	0	0	0	0	1	0	24.83	3.83	70	5	30	5	71.5	1	18	555637	14	5	5.11	3.83	4.93	4.56	5.14
42	485	30	107.5	0.934	0	-1	0	1	1	0	19.83	4.32	60	10	50	40	64	1	21	555638	14	5.43	5.36	3.58	4.43	4.36	3.71
43	470	50	112.5	0.992	0	-1	1	0	1	0	24.67	4.26	75	10	70	35	77.5	1	39	555639	14	5.24	5.26	3.94	4.82	5.16	4.6
44	455	25	122.5	0.933	-1	-1	0	0	1	1	33.33	4.72	90	60	40	5	96	2	50	555640	14	5.43	5.42	3.7	6.31	6.36	6.37
45	510	28	112.5	0.938	0	1	0	0	1	0	19.50	4.00	75	10	30	20	77.5	1	23	555641	15	6.09	5.55	3.73	4.21	4.88	3.1
46	500	35	102.5	0.932	1	1	1	0	1	0	21.00	3.55	50	5	10	20	52.5	1	12	555642	15	5.92	5.67	3.91	4.11	4.13	2.44
47	480	60	112.5	0.947	1	0	1	0	1	0	12.33	3.82	60	20	50	50	68	1	30	555643	15	6	5.47	3.7	4.15	4.75	3.46
48	455	45	122.5	1.03	0	0	0	0	1	0	15.67	4.34	60	30	30	20	72	3	28	555644	15	5.6	5.43	4.04	4.48	5.83	4.44
49	440	2	92.5	0.672	0	0	0	0	0	1	63.17	5.07	40	40	100	5	64	2	34	555645	16	5.77	5.33	3.89	7	6.68	6.97
50	445	15	102.5	0.805	-1	-1	0	1	1	0	17.17	4.39	80	15	70	15	83	3	20	555646	16	4.6	5.31	3.85	5.39	6.08	5.74
51	460	30	102.5	0.912	0	-1	0	1	1	0	26.33	4.99	70	5	30	2	71.5	3	27	555647	16	4.32	5.23	3.72	5.14	6	5.17
52	475	40	102.5	0.941	0	-1	0	0	1	0	29.33	4.75	65	10	40	20	68.5	3	42	555648	16	5.08	5.26	3.81	4.94	5.86	5.08
53	490	35	92.5	0.871	0	-1	0	1	1	0	31.50	4.78	25	60	30	15	70	3	37	555649	16	4.74	5.24	3.78	5.13	5.9	5.79
54	510	35	92.5	0.871	0	-1	0	0	1	0	21.67	4.36	30	65	30	20	75.5	3	33	555650	16	4.58	5.29	3.67	5.07	5.95	5.6
55	430	0	17.5	0.653	-1	0	0	0	0	1	64.83	4.78	80	60	10	5	92	2	39	555651	17	5.33	5.29	3.58	6.71	6.29	6.56
56	450	20	2.5	0.37	-1	0	0	1	1	0	26.83	4.26	85	7	70	5	86.05	4	20	555652	17	3.7	4.91	3.63	5.5	5.91	5.94
57	460	40	2.5	0.198	0	0	0	0	1	0	34.17	4.92	40	70	70	25	82	4	20	555653	17	3.75	5	3.68	5.56	6.23	6.33
58	475	40	22.5	0.205	0	0	0	0	1	0	57.67	4.09	35	30	50	60	54.5	4	22	555654	17	3.86	5	3.67	5.26	6.36	6.55
59	495	25	22.5	0.324	0	0	0	0	1	0	28.67	4.01	35	20	80	50	48	4	29	555655	17	4.67	5.2	3.85	5.36	6.22	6.63
60	490	30	82.5	0.798	0	0	0	0	1	0	45.33	3.99	50	70	70	20	85	4	21	555656	18	4.4	5.07	3.94	5.39	6.07	6.72
61	470	35	82.5	0.799	-1	0	0	1	1	0	27.17	4.71	40	70	80	20	82	4	24	555657	18	4.43	5.17	3.48	5.95	6.08	6.68
62	450	35	72.5	0.723	0	0	0	1	1	0	19.00	3.87	20	60	60	40	68	4	31	555658	18	4.17	5.12	3.76	5.18	5.83	5.69
63	430	50	72.5	0.663	-1	-1	1	1	0	0	22.50	4.14	5	15	70	40	19.25	4	23	555659	18	4.35	5.15	3.81	5.37	5.86	5.48
64	430	20	42.5	0.587	-1	0	0	0	1	1	39.83	4.83	50	60	60	20	80	2	44	555660	19	5.24	5.32	3.59	6.68	6.37	6.44
65	455	35	62.5	0.646	0	0	0	0	1	0	35.50	3.90	60	5	30	70	62	4	22	555661	19	4.5	5.09	3.41	5.37	5	5.67
66	475	40	52.5	0.544	0	0	1	0	1	0	34.83	4.03	50	50	70	20	75	4	20	555662	19	4.05	5	3.45	5.65	6.07	6.32
67	485	38	32.5	0.422	0	1	1	0	1	0	38.00	4.59	35	70	80	30	80.5	4	23	555663	19	4.41	5.27	3.43	5.41	5.86	6.32
68	520	40	67.5	0.355	0	0	1	0	1	0	33.67	4.20	80	50	20	10	90	4	16	555664	20	4.88	5.22	3.67	4.93	4	6
69	495	45	67.5	0.322	0	0	0	0	1	0	31.17	3.91	35	50	40	10	67.5	4	26	555665	20	4.56	5.07	3.96	5.09	6.27	5.82
70	475	45	67.5	0.322	0	-1	0	0	1	0	39.67	3.86	65	5	50	10	66.75	1	19	555666	20	4.79	5.25	3.72	5	4.44	5.24
71	450	55	67.5	0.263	0	0	0	1	1	0	30.83	4.16	60	55	30	5	82	1	22	555667	20	4.82	5.47	3.36	5.05	5.47	5.14
72	435	50	57.5	0.249	-1	0	0	1	1	1	23.33	4.42	70	40	20	5	82	3	33	555668	21	5.15	5.45	3.39	6	5.5	6.1
73	460	57	57.5	0.212	-1	0	0	1	1	0	25.50	3.76	55	15	50	15	61.75	1	25	555669	21	5.04	5.21	3.67	4.9	4.73	5.62
74	490	35	57.5	0.347	1	1	1	0	1	0	18.50	3.80	30	25	50	30	47.5	1	26	555670	21	5.44	5.27	3.43	5.14	5.2	5.38
75	498	30	100.5	0.903	1	0	0	0	1	0	25.67	4.00	60	30	65	15	72	4	27	555584	22	4.92	5.5	3.68	5.09	5.92	6.33
76	473	18	87.5	0.784	0	1	1	0	0	0	6.67	3.65	20	3	20	50	22.4	1	13	555585	22	6	4.8	4.1	4.4	3.43	4.56
77	454	78	122.5	0.821	0	1	1	0	0	0	1.83	3.75	10	5	5	40	14.5	1	20	555586	22	6.16	5.38	3.8	4.27	3.5	3.65
78	433	18	87.5	0.784	-1	0	0	1	1	1	39.00	4.55	80	35	70	20	87	2	54	555587	22	5.43	5.25	3.77	6.28	6.06	5.73
79	495	25	82.5	0.79	0	0	1	0	1	0	20.67	3.75	80	22	25	5	84.4	4	17	555588	23	4.94	5.33	3.44	5.27	5.67	6.64
80	470	48	87.5	0.813	0	-1	0	1	1	0	25.17	3.90	70	20	30	15	76	4	30	555589	23	4.83	5.08	3.71	4.96	4.8	5.15
81	450	40	87.5	0.834	0	-1	0	1	0	0	17.00	4.15	60	15	70	60	66	4	25	555590	23	4.58	5.08	3.64	5.29	5.54	5.83
82	430	22	87.5	0.804	-1	0	0	1	0	1	11.67	4.30	60	35	55	30	74	2	48	555591	23	5.4	5.33	3.72	6.71	6.07	6.32
83	500	28	82.5	0.796	0	0	1	0	1	0	34.33	3.80	68	12	45	5	71.84	4	21	555592	24	4.9	5.38	3.39	5.24	5.45	5.94
84	475	27	82.5	0.794	0	0	0	1	1	0	24.50	3.65	55	40	40	35	73	4	21	555593	24	4.95	5.1	3.94	5.29	5.45	6.32
85	445	48	82.5	0.768	0	-1	0	1	1	0	34.17	3.70	65	15	40	60	70.25	1	18	555594	24	5.22	5.13	3.8	5.36	3.64	5.07
86	425	88	77.5	0.434	-1	0	0	1	1	1	25.83	4.15	75	25	55	20	81.25	2	58	555595	24	5.54	5.28	3.57	6.75	5.98	6.2
87	530	28	82.5	0.517	1	1	1	0	1	0	11.33	4.15	55	5	55	10	57.25	1	33	555596	25	5.57	5.38	3.62	4.38	4.7	3.93
88	505	63	82.5	0.3	0	0	1	0	0	0	8.83	3.70	65	6	30	20	67.1	1	23	555597	25	5.65	5.21	3.67	5.07	3.91	4.6
89	465	55	72.5	0.288	0	0	1	0	1	0	17.67	3.65	65	3	35	20	66.05	1	14	555598	25	5.21	5.17	3.23	4.91	2.71	4
90	430	15	67.5	0.544	-1	0	0	1	0	0	14.67	4.35	55	35	55	35	70.75	3	44	555599	25	5.52	5.38	3.89	6.55	6.36	6.15
91	520	38	107.5	0.633	0	-1	1	0	1	0	16.67	4.25	65	7	25	10	67.45	1	22	555600	26	5.1	5.31	3.55	4.8	4	5.33
92	485	35	77.5	0.443	0	0	0	1	0	0	7.67	4.25	20	25	55	75	40	3	13	555601	26	4.75	5.38	3.36	5.36	5	6.31
93	455	25	77.5	0.511	0	0	0	1	1	0	22.00	4.30	70	18	55	10	75.4	3	31	555602	26	4.83	5.25	3.69	5.07	4.87	5.63
94	430	28	62.5	0.421	-1	0	0	1	0	0	6.50	4.80	35	15	35	40	44.75	1	34	555603	26	5.91	5.3	4.24	6.93	5.55	6.25
95	505	38	72.5	0.395	1	1	1	0	1	0	17.00	3.90	65	18	30	20	71.3	1	26	555604	27	5.08	5.4	3.3	5	4.5	5.22
96	485	55	67.5	0.263	0	1	0	1	0	0	25.33	3.90	35	10	65	20	41.5	1	18	555605	27	5.18	5.36	3.53	4.71	4.6	5
97	430	75	78.5	0.22	0	0	1	0	0	0	1.00	4.10	10	15	25	15	23.5	1	32	555606	27	6.03	5.67	3.67	6.08	5.71	5.93
