Station	ALA	AWP	BBM	BBP	BBW	BGW	BLB	BLS	BNB	BRB	BRD	BVB	CLT	CPO	CSE	FBB	FFP	FFW	FHP	FLT	FMB	FMF	FMY	FRF	GBT	GNB	GTM	ILT	JAY	JBR	LBC	LHC	LSB	MBW	MKP	MLB	NTC	NTH	ORC	PGW	RBF	RHB	RHT	RLT	RSB	STB	SWB	SWP	THF	VRF	WBB	WBW	WBY	WES	WNB	WRN	WTB	YBW	YLT
1	0	0	0.29	0.13	0	0	0	0	0	0	0.21	0	0	0	0	0	1.82	2.32	0	0	0	0	13.16	0	1.16	1.17	2.55	0.21	0	0	0.11	0.06	0	0	0	0.22	0	0	0	0	2.34	1.27	2.95	0	0.05	4.46	0	0	1.99	0	0	0	6.3	3.02	9.95	0	2.32	0	0.17
2	0	0	0	0	0	0	0.37	0	0	0	2.34	0	0	0	0	0	3.65	7.46	0	0	0	0	12.74	0	1.66	1.38	2.44	0.21	0	0	0.05	0.09	0	0	0	0.15	0	0.29	0	0	2.02	1.49	1.18	0	0.05	3.72	0	0	2.82	0	0	0.11	2.65	3.83	13.27	0	1.99	0	1.16
3	0	0	0.29	0.05	0	0	0	0	0	0	2.55	0	0	0	0.11	0	3.15	4.64	0	0	0	0	9.98	0	1.66	2.55	2.65	0.42	0	0	0	0.07	0.07	0	0	0.52	0	0.59	0	0.11	1.91	1.59	2.36	2.36	0.05	4.88	0	0	0.5	0	0	0	1.33	4.57	5.64	0	1.49	0	0.83
4	0	0	0	0	0	0	0	0	0	0	1.91	0	0	0	0	0.29	2.49	4.15	0.03	0	0	0	13.69	0	0.33	0.32	1.59	0	0	0	0	0.11	0	0	0	0.37	0	0.59	0	0.11	3.18	2.34	1.18	3.83	0	2.65	0	0	1.99	0	0	0.21	0.66	3.46	10.62	0	0.5	0	1.33
5	0	0	0	0	0	0	0	0	0	0	1.91	0	0	0	0	0	2.16	6.14	0.03	0	0	0	7.64	0	1	0.32	0.64	0	0	0	0	0.09	0.07	0	0	0.29	0	0.29	0	0.11	2.23	1.38	0	1.18	0	2.97	0	0	1.49	0	0	0.11	2.32	2.88	17.91	0	4.98	0	0.83
6	0	0	0	0	0	0	0	0	0	0	1.27	0	0	0	0	0	2.65	5.97	0	0	0	0	12.1	0	0	0.74	1.7	0	0	0	0	0.09	0.07	0	0	0.59	0	0	0	0	1.7	1.59	2.06	0	0	4.25	0	0	0.33	0	0	0.21	3.98	3.61	15.92	0	1.99	0	0.83
7	0	0	0	0	0	0	0	0	0	0	1.91	0	0	0.06	0	0	2.49	4.73	0	0	0	0	21.02	0	1.99	0.64	3.18	0	0	0	0	0	0	0	0	0	0	0	0	0	1.7	0.64	0	0	0	1.11	0	0	1.99	0	0	0	0	2.1	9.95	0	2.74	0	0.75
8	0	0	0	0	0	0	0	0.22	0	0.64	0.96	0	0	0	0	0	8.21	5.72	0.08	0	0	0	23.57	0	0	0.32	1.59	0	0	0	0	0	0	0	0	0	0	0	0	0	1.49	1.59	0	0	0	1.43	1.27	0	0	0	0	0	0	3.32	6.97	0	4.23	0	0
9	0	0	0	0.08	0	0	0	0	0	1.27	0.96	0	0	0	0	0	5.47	4.48	0	0	0	0	12.74	0	0	0.48	3.82	0	0	0	0.04	0	0	0	0	0	0	0.44	0	0	0.93	1.43	1.33	0	0	1.91	0.64	0	0.25	0	0	0	0	3.21	5.22	0	4.48	0	0
10	0	0	0	0.12	0.11	0	0	0	0	0	0.32	0	0	0.16	0	0	3.11	2.86	0	0	0	0	11.54	0	1.37	1.35	2.71	0.24	0.48	0	0	0.1	0.06	0.22	0	0.55	0	3.1	0	0	2.63	1.83	3.32	0	0.08	5.97	0	0	1	0	0	0.16	1.49	4.2	3.48	0	1.62	0	0
11	0	0	0	0.06	0.39	0	0	0	0	0	1.91	0	0	0.16	0	0	4.6	4.23	0	0	0	0	5.57	0.22	0.75	0.64	3.26	1.11	0.96	0	0	0.12	0.11	0	0	0.5	0	3.1	0	0	1.51	1.43	0.88	0	0.08	6.61	0	0	0.12	0	0	0.08	1	5.42	4.73	0	1.62	0	0.12
12	0	0	0	0	0.28	0	0	0	0	0	3.18	0	0	0.12	0	0	3.48	4.85	0	0	0	0	2.55	0.66	0.25	1.43	1.67	1.43	0.8	0	0.04	0.1	0	0	0	0.83	0	0.88	0	0	5.1	1.75	0	0	0.04	4.46	0.16	0.5	1.87	0	0	0.24	0.75	5.97	7.22	0	3.23	0	0.25
13	0	0	0	0	0	0	0	0.29	0	0	0	0.42	0	0	0	0	7.13	5.64	0	0	0	0	6.48	0	1.66	0	0.85	0	0	0	0	0	0	0	0	0	0	0	0	0	1.49	0.21	0.59	0	0	2.02	0.96	0	0.17	0	0	0.64	0	1.7	5.97	0	0	0	0
14	0	0	0	0	0.07	0	0	0.37	0	0	0	0.85	0	0.04	0	0	5.47	5.14	0	0	0	0	8.81	0	1.66	0	2.44	0	0	0	0	0	0	0	0	0	0	0	0	0	1.27	0.11	0	0	0	3.08	0.96	0	0	0	0	0.42	0	3.17	2.65	0	0	0	0
15	0	0	0	0	0	0	0	0.07	0	0	0	0.85	0	0	0	0	4.81	3.48	0	0	0	0	11.68	0	2.32	0	2.02	0	0	0	0	0.04	0	0	0	0	0	0.29	0	0	2.55	0.32	0	0	0	4.78	0.21	0	1	0	0	0	0	2.65	0	0	0.33	0	0
16	0	0	0	0	0.22	0	0	0.44	0	0	0	1.27	0	0	0	0	2.82	3.98	0	0.07	1.18	0	13.16	0	1.16	0	2.23	0	0	0.11	0	0.06	0	0	0	0	0	0.29	0	0	1.06	0.96	0	0	0	5.1	0.74	0	1	0	0	0	0	2.06	0	0	0	0	0
17	0	0.44	0	0	0.81	0	0	0.74	2.06	0	0	1.7	0.85	0	0	0	1.66	6.14	0	0.59	7.37	1.18	12.63	0	2.16	0	2.02	0	0	0.53	0	0	0	0	0	0	0	0.88	0.08	0	2.97	0.96	1.77	0	0	4.35	1.8	0	0.17	0	0	0	0	1.99	0.66	0	0	0	0.66
18	0	0.07	0	0	0	0	0	0.07	0	0	0	2.97	0.42	0	0	0	1.49	8.13	0	0.59	2.65	0	10.62	0	2.16	0	1.59	0	0	0	0	0	0	0	0	0	0	0	0	0	0.21	0.32	0.59	0	0	5.1	1.91	0	0	0	0	0	0	0.81	0	0	0	0	0.33
19	0	0.59	0	0	0.37	0	0	1.7	4.13	0	0	0.85	1.17	0	0	0	0.5	4.81	0	0.22	2.36	1.77	17.2	1.47	2.99	0	2.55	0	0	0.42	0.03	0	0	0	0	0	0	0.88	0.03	0	1.17	1.8	5.6	0	0	3.82	1.59	0	0	2.49	0	0	0	1.7	0	0	0	0	0
20	0	0.07	0	0	0.59	0	0	1.11	7.67	0	0	0	0.96	0.04	0	0	0.17	4.15	0	0.66	1.18	0	12.31	3.54	1.33	0	0.85	0	0	0.96	0	0	0	0	0	0	0	0.88	0	0	0.42	1.06	0	0	0	4.25	2.12	0	0	1.16	0	0.11	0	2.06	0	0	0	0.33	0
21	0	0.15	0	0	0.66	0	0	1.7	2.36	0	0	0.21	1.59	0.04	0	0	0.33	3.48	0	1.25	0	1.18	12.31	2.36	1	0	0.21	0	0	0.85	0	0	0	0	0	0	0.12	0.88	0.16	0	0.85	1.06	1.18	0	0	4.14	2.76	0	0.33	0.33	0	0	0	1.62	0	0	0	0	0
22	0	0.07	0	0	0.07	0	0	1.03	5.31	0	0	0.42	2.87	0.08	0	0	0.33	3.48	0	1.7	1.18	0.88	16.99	0.88	1.82	0	0.21	0	0	1.06	0	0	0	0	0	0	0.08	0.59	0.03	0	0.96	0.74	2.65	0	0	2.34	2.55	0	0.5	0.66	0	0.21	0	0.52	0	0	0	0.33	0
23	0	0	0	0	0.07	0	0	1.03	1.18	0	0	0.21	4.78	0	0	0	0.83	2.99	0	1.77	0	4.72	17.09	0.88	0.5	0	0	0	0	0.64	0.08	0	0	0	0	0	0.17	0.59	0.08	0	0.42	0.74	0.59	0	0	2.76	1.7	0	0	0.17	0	0.32	0	0.74	0	0	0	0	0
24	0	0.22	0	0	0.29	0	0	1.03	1.18	0	0	1.06	4.35	0	0	0	0	1.49	0	1.33	2.36	13.27	10.4	0.59	1	0	0	0	0	0.64	0	0	0	0	1.99	0	0.04	0.29	0.24	0	0.85	0.21	1.18	0	0	2.23	1.59	0	0	0.66	0	0.21	0	0.22	1.99	0	0	0.33	0
25	0	0	0	0	1	0	0	1.99	5.31	0	0	0	7.17	0.06	0	0	0	0.75	0	1.66	0	25.65	11.46	0	0.25	0	0	0	0	1.75	0.16	0	0	0	0	0	0.06	0	0.12	0	0	1.59	0	0	0	0.96	1.75	0	0	1	0	0	0	0.11	0	0	0	0.75	0
26	0	0	0	0	0.66	0	0	1.44	6.19	0	0	0.96	4.78	0	0	0	0	0.25	0	2.1	2.65	26.1	7.32	0	0.5	0	0	0	0	1.59	0.12	0	0	0	0	0	0.12	0	0.24	0	0	0.32	0	0	0	0.48	1.59	0	0	1	0	0	0	0	1	0.16	0	0.5	0
27	0	0.22	0	0	0.11	0	0	0.22	4.42	0	0	0	5.41	0	0	0	0	0	0	2.43	3.54	32.29	9.08	0	1	0	0	0	0	1.43	0.08	0	0	0	0	0	0.06	0	0.2	0	0	0.64	0.88	0	0	0.8	1.75	0	0	0.5	0	0	0	0	0	0.16	0	0.25	0
28	0	0.88	0	0	0.77	0	0	0.88	6.19	0	0	0.64	3.98	0	0	0	0	0.75	0	1.55	1.77	19.02	8.76	0	1	0	0	0	0	1.91	0	0	0	0	0	0	0	0	0.24	0	0	0.8	1.77	0	0	1.11	0.32	0	0.25	0	0	0	0	0	0	0	0	1.49	0
29	0	0.28	0	0	0.64	0	0	1.13	5.53	0	0	0	5.33	0.02	0	0	0	0.44	0	1.94	1.99	25.77	9.16	0	0.68	0	0	0	0	1.67	0.09	0	0	0	0	0	0.06	0	0.2	0	0	0.84	0.66	0	0	0.84	1.35	0	0	0	0	0	0	0.03	0.25	0.08	0	0.75	0
30	0	0.11	0	0	0.77	0	0	1	2.65	0	0	1.27	4.62	0.12	0	0	0	0.25	0	2.76	0	29.19	8.92	0	0.75	0	0	0	0	1.11	0	0	0	0	0	0	0.06	0	0.2	0	0	0.32	2.65	0	0	0.16	0.96	0	0	0	0	0	0	0.33	0.5	0.48	0	0	0
31	0	0.28	0	0	0.64	0	0	1.13	5.53	0	0	0.4	5.33	0.02	0	0	0	0.44	0	1.94	1.99	25.77	9.16	0	0.68	0	0	0	0	1.67	0.09	0	0	0	0	0	0.06	0	0.2	0	0	0.84	0.66	0	0	0.84	1.35	0	0.06	0.62	0	0	0	0.03	0.25	0.08	0	0.75	0
32	0	0	0	0	0.13	0	0	0.25	7.08	0	0	3.64	2	0	0	0	0	0	0	1.77	0	16.68	3.28	0	0.57	0	0	0	0	3.82	0	0	0	0	1.14	0	0	0	0.05	0	0	0.36	0	0	0	0	0.36	0	0	2.27	0.51	0	0	0	0	4	0	1.14	0
33	0	0	0	0	0.76	0	0	0.51	8.09	0	0	1.09	4.91	0	0	0	0	0	0	1.52	0	12.13	7.28	0	0	0	0	0	0	1.09	0	0	0	0	0	0	0.64	0	0	0	0	0	0	0	0	0	0	0	0	0.85	1.52	0	0	0	0	4.73	0	1.14	0
34	0	0	0	0	2.4	0	0	0.13	2.02	0	0	1.82	3.64	0	0	0	0	0	0	1.01	0	10.11	4.91	0	0	0	0	0	0	2.37	0	0	0	0	0	0	0.21	0	0	0	0	0	0	0	0	0	0	0	0	1.14	0	0	0	0	0	2.91	0	6.54	0
35	0	0	0	0	0.11	0	0	0.22	1.77	0	0	0	4.3	0	0	0	0	0	0	3.87	0	9.73	0.8	0	0	0	0	0	0	2.55	0.12	0	0	0	0	0	0	0	0	0	0	0	0	0	0	0	0	0	0	1.24	0.88	0	0	0	0	5.25	0	2.24	0
36	0	0	0	0	0	0	0	0.11	7.08	0	0	0	2.55	0	0	0	0	0	0	3.76	0	11.06	0	0	0	0	0	0	0	1.91	0.04	0	0	0	0	0	0.06	0	0	0	0	0	0	0	0	0	0	0	0	1.24	1.77	0	0	0	0	3.5	0	2.99	0
37	0	0	0	0	0	0	0	0.55	8.85	0	0	0.32	1.59	0	0	0	0	0	0	3.32	0	18.58	0.32	0	0	0	0	0	0	1.27	0	0	0	0	1.99	0	0	0	0.04	0	0	0	0	0	0	0	0	0	0	1.49	2.21	0	0	0	0	1.75	0	1	0
38	0	0	0	0	0	0.22	0	0.44	6.19	0	0	0	3.03	0	0	0	0	0	0	2.88	0	27.42	0.32	0	0	0	0	0	0	0.8	0	0	0	0	0	0	0	0	0	0	0	0	0	0	0	0	0	0	0	1.74	2.21	0	0	0	0	2.87	0	1.74	0
39	0	0	0	0	0	0	0	1.44	7.52	0	0	0	1.59	0	0	0	0	0	0	2.76	0	12.83	0	0	0	0	0	0	0	1.11	0	0	0	0	0	0	0	0	0	0	0	0	0	0	0	0	0	0	0	2.24	1.77	0	0	0	0	3.82	0	2.24	0
40	0	0	0	0	0	0.11	0	1	4.42	0	0	0	1.27	0	0	0	0	0	0	3.98	0	8.85	0	0	0	0	0	0	0	0.96	0	0	0	0	0	0	0	0	0	0	0	0	0	0	0	0	0	0	0	3.98	3.1	0	0	0	0	3.98	0	3.23	0
41	0.39	0	0	0	0	0	0	0.2	1.57	0	0	0	0.57	0	0	0	0	0	0	1.67	0	11.01	0	0	0	0	0	0	0	3.54	0.04	0	0	0	0	0	0	0	0	0	0	0	0	0	0	0	0	0	0	5.53	0	0	0	0	0	2.83	0	1.77	0
42	0	0	0	0	0	0	0	0	3.15	0	0	0	0	0	0	0	0	0	0	2.56	0	11.01	0	0	0	0	0	0	0	3.4	0.04	0	0	0	0	0	0	0	0	0	0	0	0	0	0	0	0	0	0	7.3	0	0	0	0	0	3.54	0	2.21	0
43	0.35	0	0	0	0	0	0	0	0	0	0	0	0	0	0	0	0	0	0	2.03	0	14.86	0	0	0	0	0	0	0	3.06	0.06	0	0	0	0	0	0	0	0	0	0	0	0	0	0	0	0	0	0	2.39	0	0	0	0	0	4.97	0	1.39	0
44	0.44	0	0	0	0	0	0	0	0	0	0	0	0	0	0	0	0	0	0	1.66	0	14.15	0	0	0	0	0	0	0	1.91	0	0	0	0	0	0	0	0	0	0	0	0	0	0	0	0	0	0	0	1.99	0	0	0	0	0	4.46	0	0.75	0
45	1.33	0	0	0	0	0	0	0	0	0	0	0	0	0	0	0	0	0	0	2.54	0	4.87	0	0	0	0	0	0	0	1.75	0	0	0	0	0	0	0	0	0	0	0	0	0	0	0	0	0	0	0	1.74	0	0	0	0	0	3.03	0	0.5	0
46	0.88	0	0	0	0	0	0	0	0	0	0	0	0	0	0	0	0	0	0	2.32	0	0	0	0	0	0	0	0	0	1.27	0.08	0	0	0	0	0	0	0	0	0	0	0	0	0	0	0	0	0	0	0.5	0	0	0	0	0	4.46	0	0	0
47	1.77	0	0	0	0	0	0	0	0	0	0	0	0	0	0	0	0	0	0	2.1	0	0	0	0	0	0	0	0	0	0.64	0	0	0	0	0	0	0	0	0	0	0	0	0	0	0	0	0	0	0	1.24	0	0	0	0	0	4.14	0	0	0
48	2.21	0	0	0	0	0	0	0	0	0	0	0	0	0	0	0	0	0	0	1.44	0	0	0	0	0	0	0	0	0	1.59	0	0	0	0	0	0	0	0	0	0	0	0	0	0	0	0	0	0	0	1	0	0	0	0	0	4.62	0	0	0
49	2.21	0	0	0	0	0	0	0	0	0	0	0	0	0	0	0	0	0	0	2.21	0	0	0	0	0	0	0	0	0	0.96	0	0	0	0	0	0	0	0	0	0	0	0	0	0	0	0	0	0	0	2.49	0	0	0	0	0	2.87	0	0	0
50	1.77	0	0	0	0	0	0	0	0	0	0	0	0	0	0	0	0	0	0	1.11	0	0	0	0	0	0	0	0	0	0.64	0	0	0	0	0	0	0	0	0	0	0	0	0	0	0	0	0	0	0	1.24	0	0	0	0	0	2.55	0	0	0
